Layer: encoder_stage_1.conv_same_1.conv.weight
Shape: torch.Size([8, 3, 3, 3])
encoder_stage_1.conv_same_1.conv.weight: torch.qint8
Quantized values:
tensor([[[[  47,   91,   18],
          [ -23, -101,  -22],
          [  28,   -8,    4]],

         [[  22,   -5,   23],
          [ -20,  -14,   23],
          [  18,   -3,   -6]],

         [[ -86,  -84,  -47],
          [ 127,   97,   15],
          [ -59,    6,    2]]],


        [[[ -12,   33,    7],
          [  10,    8,  -15],
          [  -9,    6,   -5]],

         [[ -13,   33,   -3],
          [  -3,  -12,   10],
          [   8,   -3,   -7]],

         [[ -23,   31,   -4],
          [ -24,   -7,   13],
          [  -3,   -3,    5]]],


        [[[ -16,    1,   55],
          [  27,    4,  -16],
          [   3,    1,  -10]],

         [[   3,   -2,    7],
          [  12,    8,   12],
          [  13,    1,   20]],

         [[  14,  -15,    7],
          [ -42,  -15,    4],
          [ -18,    2,   -2]]],


        [[[ -26,   29,   14],
          [  41,  -26,    9],
          [ -17,  -21,  -17]],

         [[  22,   28,   17],
          [   9,  -38,   15],
          [  -5,    5,   -2]],

         [[ -30,  -38,  -40],
          [  53,  -50,   -8],
          [  10,   21,   22]]],


        [[[  31,   -6,  -12],
          [   4,   -7,   -8],
          [  -1,   10,   -8]],

         [[  43,  -10,   -5],
          [  -7,  -20,   -5],
          [   1,   -8,    6]],

         [[  30,   -3,  -11],
          [   3,  -31,    4],
          [ -17,  -13,   10]]],


        [[[ -35,  -15,    9],
          [ -48,  -33,  -23],
          [  22,  -20,   46]],

         [[  -6,    5,    4],
          [  -8,    7,   13],
          [   4,  -37,   25]],

         [[  15,  -10,  -11],
          [  17,   28,   19],
          [  10,  -48,    3]]],


        [[[ -43,  -51,  -22],
          [  -4,    0,   49],
          [  51,   -5,   21]],

         [[ -12,    8,   -8],
          [  33,  -12,   -6],
          [  12,  -16,   24]],

         [[  51,   62,   23],
          [ -12,  -41,    3],
          [ -44,  -43,  -27]]],


        [[[   9,   11,    8],
          [  27,   -9,   -3],
          [ -13,  -10,    7]],

         [[  13,    3,  -16],
          [  27,  -27,    2],
          [  -7,   -8,   -6]],

         [[ -13,  -14,   -9],
          [  42,  -16,  -10],
          [  20,   10,   -2]]]], dtype=torch.int8)

Layer: encoder_stage_1.conv_same_1.conv.bias
Shape: torch.Size([8])
encoder_stage_1.conv_same_1.conv.bias: torch.float32
Values:
Parameter containing:
tensor([-2.2706, -0.1252, -2.3265,  0.6347,  0.4505,  1.1083,  0.3812,  0.0497],
       requires_grad=True)

Layer: encoder_stage_1.conv_same_1.conv.scale
Shape: torch.Size([])
encoder_stage_1.conv_same_1.conv.scale: torch.float32
Values:
0.07308109849691391

Layer: encoder_stage_1.conv_same_1.conv.zero_point
Shape: torch.Size([])
encoder_stage_1.conv_same_1.conv.zero_point: torch.int64
Values:
128

Layer: encoder_stage_1.conv_same_2.conv.weight
Shape: torch.Size([8, 8, 3, 3])
encoder_stage_1.conv_same_2.conv.weight: torch.qint8
Quantized values:
tensor([[[[-17,  44, -33],
          [-30, -25,  54],
          [ 16,   0,  -7]],

         [[  0,  -6,  -1],
          [ 14, -33,  25],
          [-12,  29, -21]],

         [[ -1,   4,  -6],
          [-31,  41,  -5],
          [ 25, -21,  -4]],

         [[-37, -10, -13],
          [-34,  24,  13],
          [-18, -11,  -2]],

         [[-20, -65,   7],
          [ -6,  47, -30],
          [ -6, -12,   9]],

         [[ 12, -21, -57],
          [-19, -16, -11],
          [-10,  -1,   0]],

         [[ -5,  26, -16],
          [ 13, -18,   8],
          [ -5,   6, -10]],

         [[ -8,  22, -23],
          [ 14, -30,  28],
          [ -6,   8,  -7]]],


        [[[ 13, -52,   7],
          [ -1,  -4,  11],
          [-10,  25,  -3]],

         [[ 12,   0,  12],
          [-47, -13,  -9],
          [  1,   0,  13]],

         [[-31,  -2,   5],
          [ -1, -12,   1],
          [-25,   1,  28]],

         [[ 23,  39,   4],
          [-18,  54,   9],
          [-25, -49,  -4]],

         [[  9,  -1,   8],
          [ 31,  45, -23],
          [ 64,  -6, -60]],

         [[-52,  57,  47],
          [ 18,  15,  13],
          [-42, -37, -27]],

         [[-18,  -2,  43],
          [-29,   9,  32],
          [-28,  -7,  -2]],

         [[-18, -31, -31],
          [ 23,  22, -33],
          [ 24,  -4,  15]]],


        [[[  7, -64,  52],
          [ -3,  32, -14],
          [ 12,   0,  -5]],

         [[  7,  -6,  -2],
          [-18,  39, -26],
          [ 17, -52,  14]],

         [[  3,  -7,  -4],
          [ 64, -47,   9],
          [-52,   6,  17]],

         [[-14, -18,   7],
          [ 22,  16,   8],
          [  5, -11,  -2]],

         [[-31,  26,  -3],
          [ 29, -73,  44],
          [  4,  42, -54]],

         [[-95,  12,  42],
          [ -6,  20,  48],
          [-31, -14,  30]],

         [[ 30,  24, -18],
          [-54,  27,  -2],
          [ 20,  10, -29]],

         [[ -9, -57,  30],
          [-32,  79, -42],
          [ -4, -12,   6]]],


        [[[-38,  50,  10],
          [-55, 117, -48],
          [-60,  34,  22]],

         [[ -8,  -9,   3],
          [-46,  14,  -1],
          [ 65, -44,   6]],

         [[-10,   7, -22],
          [-23,   2,   5],
          [ 57,  22, -52]],

         [[ -3,  18,  13],
          [-47,  33,  14],
          [  2,  13, -18]],

         [[  2,  -6,  -4],
          [ 27, -22, -22],
          [-62,  19,  23]],

         [[ 43, -80,  -6],
          [-41,  77,  10],
          [-12,   0,  33]],

         [[ -4,  59, -10],
          [ 24, -47, -29],
          [ 19,  23,   7]],

         [[-34,   9, -17],
          [-87,  49,  61],
          [-35, -16,  -4]]],


        [[[ 19, -16,  46],
          [-19,  -9,  65],
          [  1,   5,   5]],

         [[  6,   5,  -2],
          [  3,  43, -35],
          [ 22,  37, -53]],

         [[ 19,   4,   0],
          [ 49, -27, -10],
          [ 80, -33,  -9]],

         [[-21, -43,   2],
          [-36, -63,   6],
          [  3,  -2, -12]],

         [[-13,  -2, -29],
          [-33,   8, -13],
          [-23,  -8,  -7]],

         [[-15, -20,  16],
          [-35, -23,   1],
          [-14,  -8, -13]],

         [[ 42, -53, -15],
          [  5,   2, -10],
          [ -2,  -3,  -5]],

         [[ -5, -33,  39],
          [-12, -21,  28],
          [ -1,   9,   0]]],


        [[[ -1,   7,  25],
          [-51,  49,  23],
          [ 15,  24, -24]],

         [[-20, -20, -25],
          [ 31,  74, -73],
          [  6, -20, -30]],

         [[  5, -25, -27],
          [127, -25, -41],
          [-16, -33, -11]],

         [[-36,  48,  22],
          [ 11, -11,  18],
          [ 12,  -7, -13]],

         [[ 32,   3, -26],
          [-49,  27,  -5],
          [  4,   2,   7]],

         [[  7,  19, -19],
          [-27,  32,   5],
          [-25,  13,  23]],

         [[  9, -52, -11],
          [ 10,  23,  33],
          [ 20,  -2, -14]],

         [[-47, -20,  38],
          [ -9,  -1,   7],
          [ -2,  16, -23]]],


        [[[ 19, -46,  23],
          [ 39, -30, -14],
          [ -3,  32, -36]],

         [[-23,   9,  -6],
          [-42,  10,  24],
          [-47,  37,  12]],

         [[  0,  -1,  -1],
          [ 46, -36,   3],
          [ -9, -12,  13]],

         [[ 17,   4,  17],
          [ 44,  20, -86],
          [  4,  -1,   3]],

         [[ -4,  -1,   6],
          [  8,  -4,   0],
          [ 45, -24, -94]],

         [[-38,  33,  -3],
          [ -9,  12,  20],
          [ -9,   8,  25]],

         [[ 29,  31, -45],
          [  5,   0,  -9],
          [ 19,  -5, -13]],

         [[ 13, -53,  21],
          [ 58, -55,  -9],
          [  0,  -7,  -1]]],


        [[[  2,  13,  -1],
          [-41, -12,  88],
          [-76, -51,  14]],

         [[-34, -18,  -6],
          [-12,  18, -16],
          [-12,   5,  50]],

         [[-22,   3,   3],
          [-15,   8, -36],
          [-13,  32,  22]],

         [[  1,  42,  13],
          [-19,  -2, -17],
          [-31,  16,  11]],

         [[  2, -48,  19],
          [ 23,  52, -47],
          [ -6,   0,   5]],

         [[ 41,   5, -59],
          [ -9,  -4,  53],
          [-51,  -7,  41]],

         [[-62,  -2,  24],
          [ 60,  39, -19],
          [ 22, -17, -19]],

         [[  7,  27,  16],
          [-36, -49, -29],
          [-12,  29,  11]]]], dtype=torch.int8)

Layer: encoder_stage_1.conv_same_2.conv.bias
Shape: torch.Size([8])
encoder_stage_1.conv_same_2.conv.bias: torch.float32
Values:
Parameter containing:
tensor([-0.0235, -0.0585,  0.3010, -0.1340,  0.3085,  0.0933,  0.3491,  0.0991],
       requires_grad=True)

Layer: encoder_stage_1.conv_same_2.conv.scale
Shape: torch.Size([])
encoder_stage_1.conv_same_2.conv.scale: torch.float32
Values:
0.1326548308134079

Layer: encoder_stage_1.conv_same_2.conv.zero_point
Shape: torch.Size([])
encoder_stage_1.conv_same_2.conv.zero_point: torch.int64
Values:
128

Layer: encoder_stage_1.conv_down.conv.weight
Shape: torch.Size([16, 8, 2, 2])
encoder_stage_1.conv_down.conv.weight: torch.qint8
Quantized values:
tensor([[[[  62,  -10],
          [  42,   27]],

         [[  -5,  -10],
          [ -45,    7]],

         [[  23,   33],
          [  27,  -81]],

         [[-121,    2],
          [  62,   67]],

         [[  46,    6],
          [ -79,   20]],

         [[ -10,    3],
          [  31,  -20]],

         [[  35,   53],
          [  32, -128]],

         [[  31,  -29],
          [  39,  -39]]],


        [[[   0,   -2],
          [  30,   20]],

         [[ -54,  -48],
          [  -5,  -14]],

         [[ -13,  -10],
          [  -4,    1]],

         [[   8,   24],
          [  20,   -2]],

         [[  23,    9],
          [  -1,    7]],

         [[ -27,  -17],
          [ -23,   -3]],

         [[ -22,  -19],
          [  -4,   16]],

         [[   8,  -19],
          [ -22,  -20]]],


        [[[ -12,   -7],
          [ -22,  -17]],

         [[  -3,    8],
          [ -30,  -14]],

         [[  23,   34],
          [  31,   19]],

         [[ -13,   12],
          [ -15,   -1]],

         [[  13,   21],
          [   6,   13]],

         [[ -35,   10],
          [   7,   13]],

         [[   9,   14],
          [  33,    9]],

         [[  21,   27],
          [ -35,   33]]],


        [[[ -12,    1],
          [   7,    9]],

         [[ -25,  -23],
          [  -5,    2]],

         [[  63,   -8],
          [  -2,  -72]],

         [[  -5,  -50],
          [   0,  -34]],

         [[ -19,   29],
          [   6,  -31]],

         [[  -2,   32],
          [  69,   60]],

         [[  24,  -16],
          [ -33,  -14]],

         [[ -30,  -29],
          [  26,   28]]],


        [[[  -2,   -1],
          [  25,  -16]],

         [[ -18,    0],
          [   2,   12]],

         [[  -8,  -16],
          [ -54,   30]],

         [[ -16,  -38],
          [  -9,   18]],

         [[  53,    3],
          [ -34,  -35]],

         [[  63,   68],
          [  -5,  -21]],

         [[ -41,    9],
          [ -18,    9]],

         [[ -11,   61],
          [ -19,  -26]]],


        [[[  68,   72],
          [ -44,  107]],

         [[ -43,  -19],
          [   5,  -18]],

         [[ -49,   55],
          [  26,  -35]],

         [[  -4,   22],
          [ -21,  -17]],

         [[   2,   41],
          [  65, -111]],

         [[ -79,   52],
          [  25,  -75]],

         [[  -2,   11],
          [  -3,    0]],

         [[  16,  -31],
          [   4,   -1]]],


        [[[  23,    1],
          [   4,   -1]],

         [[ -20,  -14],
          [ -35,  -45]],

         [[   2,    1],
          [   1,  -10]],

         [[  15,   10],
          [  -5,  -20]],

         [[   1,    5],
          [  28,   24]],

         [[   2,    5],
          [  -1,   -2]],

         [[   3,    0],
          [ -13,   -4]],

         [[  -7,   -3],
          [ -13,   -4]]],


        [[[ -53,  -48],
          [ -44,  -41]],

         [[  29,   -9],
          [ -99,  -44]],

         [[  -7,  -31],
          [ -19,  -23]],

         [[ -37,  -31],
          [  35,   57]],

         [[ -10,   -4],
          [   3,   10]],

         [[ -21,    5],
          [   6,   25]],

         [[  13,  -13],
          [ -19,  -24]],

         [[   0,   13],
          [  30,  -59]]],


        [[[ -62,  -18],
          [  15,   56]],

         [[  20,  -37],
          [ -71,    4]],

         [[  -1,  -36],
          [  53,   11]],

         [[   7,  -78],
          [ -34,   23]],

         [[-127,   51],
          [ 107,  -35]],

         [[ -20,  -25],
          [  42,    8]],

         [[ -17,   53],
          [  15,  -48]],

         [[ -11,   24],
          [ -67,    2]]],


        [[[ -15,  -20],
          [  22,    1]],

         [[ -18,   35],
          [  22,   29]],

         [[  13,   32],
          [ -15,   -1]],

         [[  -3,    2],
          [   5,   12]],

         [[   1,  -43],
          [  19,    6]],

         [[  48,  -42],
          [   9,  -24]],

         [[ -41,   23],
          [ -12,   36]],

         [[  -2,  -10],
          [  10,   25]]],


        [[[  -8,   48],
          [  79,   17]],

         [[  46,  -64],
          [ -83,   46]],

         [[  49,  -13],
          [-102,   71]],

         [[ -51,  -12],
          [  35,   19]],

         [[ -70,   70],
          [  -8,    0]],

         [[  -2,   12],
          [  34,  -38]],

         [[  60,  -63],
          [ -81,   82]],

         [[  44,  -40],
          [  11,  -19]]],


        [[[  -6,  -55],
          [  21,    0]],

         [[ -13,    3],
          [  11,  -56]],

         [[ -35,   46],
          [ -27,   40]],

         [[  89,   16],
          [  21,   11]],

         [[  18,  -46],
          [ -52,   46]],

         [[ -29,  -27],
          [  36,   47]],

         [[ -57,   27],
          [  -3,   17]],

         [[ -31,  -41],
          [  -8,   -9]]],


        [[[   6,   -1],
          [   2,   -4]],

         [[ -31,    0],
          [  -1,  -24]],

         [[ -28,   -7],
          [ -18,  -28]],

         [[  27,   24],
          [  12,   25]],

         [[   1,   -3],
          [  -2,   11]],

         [[ -12,   15],
          [ -32,  -29]],

         [[   3,  -14],
          [  -3,  -24]],

         [[  24,   41],
          [  41,   28]]],


        [[[  63,   86],
          [  33,   15]],

         [[  13,   -6],
          [ -33,  -61]],

         [[   3,  -28],
          [  -6,   29]],

         [[ -27,  -21],
          [ -14,   20]],

         [[  47, -124],
          [  -2,   75]],

         [[  24,  -83],
          [  15,   49]],

         [[  -6,    5],
          [   1,    2]],

         [[ -29,   57],
          [  -7,  -42]]],


        [[[ -11,   31],
          [   8,   23]],

         [[ -59,  -73],
          [ -35,   17]],

         [[ -22,  -13],
          [  -5,   -8]],

         [[ -24,   37],
          [  12,   25]],

         [[  11,   34],
          [  -9,  -17]],

         [[  26,    2],
          [  16,  -19]],

         [[ -22,  -40],
          [  11,   11]],

         [[  46,  -27],
          [  67,  -18]]],


        [[[  45,   17],
          [  35,  -26]],

         [[  -6,   -6],
          [  21,  -32]],

         [[  17,  -49],
          [  40,    9]],

         [[  27,   77],
          [   8, -120]],

         [[  39,  -25],
          [ -60,   42]],

         [[   5,    2],
          [ -74,   54]],

         [[ -38,  -68],
          [  54,   50]],

         [[ -10,   11],
          [  -8,    1]]]], dtype=torch.int8)

Layer: encoder_stage_1.conv_down.conv.bias
Shape: torch.Size([16])
encoder_stage_1.conv_down.conv.bias: torch.float32
Values:
Parameter containing:
tensor([-0.0631,  0.3006, -1.3134, -0.0465,  0.0147, -0.0337,  0.1459,  1.0674,
        -0.0517, -0.0766, -0.0330,  0.2527, -0.0778,  0.0082,  0.8378, -0.0078],
       requires_grad=True)

Layer: encoder_stage_1.conv_down.conv.scale
Shape: torch.Size([])
encoder_stage_1.conv_down.conv.scale: torch.float32
Values:
0.17446990311145782

Layer: encoder_stage_1.conv_down.conv.zero_point
Shape: torch.Size([])
encoder_stage_1.conv_down.conv.zero_point: torch.int64
Values:
128

Layer: encoder_stage_2.conv_same_1.conv.weight
Shape: torch.Size([16, 16, 3, 3])
encoder_stage_2.conv_same_1.conv.weight: torch.qint8
Quantized values:
tensor([[[[  15,   -4,    8],
          [ -14,  -11,    4],
          [ -37,  -41,  -27]],

         [[   9,   15,   -4],
          [  14,    4,  -12],
          [  -1,   -8,  -19]],

         [[  10,   25,   12],
          [   1,  -23,   12],
          [ -17,  -37,   22]],

         ...,

         [[  16,    4,    6],
          [ -24,  -18,   -3],
          [ -27,  -16,  -24]],

         [[   1,   13,    2],
          [   0,   -1,   -1],
          [   0,    5,  -18]],

         [[  13,   14,    6],
          [  -1,  -35,   21],
          [  -5,  -49,  -24]]],


        [[[ -34,    9,  -15],
          [   0,    8,   17],
          [  -8,  -13,    7]],

         [[  -6,   25,   22],
          [ -18,    9,   -4],
          [   8,    2,  -15]],

         [[   7,   18,    0],
          [  -9,   -1,   17],
          [  -2,    4,  -16]],

         ...,

         [[ -31,   17,   -7],
          [   2,    9,    7],
          [ -17,    1,   15]],

         [[ -13,   20,   12],
          [  16,    0,  -13],
          [ -12,   -8,  -13]],

         [[ -23,   12,  -13],
          [ -38,   24,    4],
          [ -23,   -2,    5]]],


        [[[ -43,  -61,  -21],
          [  17,  -41,  -46],
          [   2,    4,    2]],

         [[   6,   -9,  -23],
          [   3,   12,   -1],
          [   7,   18,    1]],

         [[ -17,  -28,  -21],
          [  -1,    8,    6],
          [  -3,   -4,    3]],

         ...,

         [[  -7,    0,  -11],
          [ -15,  -19,  -26],
          [  11,    6,    8]],

         [[   4,   -2,  -11],
          [  -7,   13,    0],
          [   5,   -5,   -4]],

         [[ -35,  -60,  -19],
          [  -2,    8,  -36],
          [  -6,    7,   12]]],


        ...,


        [[[ -31,  -22,   22],
          [   4,   38,   16],
          [  -3,  -25,  -15]],

         [[ -18,   -8,   -4],
          [ -10,   -4,   50],
          [ -10,    4,  -12]],

         [[  18,  -19,  -42],
          [ -14,  -10,    9],
          [ -11,   22,  -27]],

         ...,

         [[ -14,  -23,   13],
          [  29,  -23,   24],
          [  -6,  -25,    1]],

         [[ -22,   13,   10],
          [ -20,   63,  -42],
          [  15,  -30,   11]],

         [[  19,  -15,  -19],
          [ -52,    5,   36],
          [  -2,    8,  -18]]],


        [[[   8,    2,   -8],
          [  -8,  -20,   23],
          [ -11,   26,  -10]],

         [[ -14,  -13,  -29],
          [  22,   10,   11],
          [ -68,  -33,   36]],

         [[  -5,  -21,  -21],
          [ -17,   17,    9],
          [  24,   20,   15]],

         ...,

         [[  -3,    5,   -4],
          [ -17,  -21,   24],
          [ -18,   13,   -7]],

         [[ -23,   -4,  -10],
          [  10,   -3,   11],
          [ -55,   -5,   58]],

         [[ -12,  -20,   -2],
          [   4,  -12,  -12],
          [  15,   -2,   13]]],


        [[[   3,   12,  -12],
          [   1,    1,   -3],
          [ -19,  -15,   -3]],

         [[-102,    1,   23],
          [ -25,  -10,  -20],
          [  28,   10,    5]],

         [[   8,    1,    3],
          [   6,   37,   19],
          [  -1,    1,   20]],

         ...,

         [[ -18,   -8,  -14],
          [  15,   -9,    8],
          [ -24,   -4,  -18]],

         [[ -15,    4,   -3],
          [  -7,  -17,   19],
          [   3,    8,  -10]],

         [[   5,    7,   -6],
          [   2,    4,   12],
          [  -5,   -4,  -22]]]], dtype=torch.int8)

Layer: encoder_stage_2.conv_same_1.conv.bias
Shape: torch.Size([16])
encoder_stage_2.conv_same_1.conv.bias: torch.float32
Values:
Parameter containing:
tensor([ 0.1721, -0.1300,  0.3453,  0.4506,  0.0148,  0.1972,  0.0345, -0.0017,
         0.2479,  0.2309,  0.0595,  0.0010, -0.1078,  0.0227,  0.0397,  0.3975],
       requires_grad=True)

Layer: encoder_stage_2.conv_same_1.conv.scale
Shape: torch.Size([])
encoder_stage_2.conv_same_1.conv.scale: torch.float32
Values:
0.11929646879434586

Layer: encoder_stage_2.conv_same_1.conv.zero_point
Shape: torch.Size([])
encoder_stage_2.conv_same_1.conv.zero_point: torch.int64
Values:
128

Layer: encoder_stage_2.conv_same_2.conv.weight
Shape: torch.Size([16, 16, 3, 3])
encoder_stage_2.conv_same_2.conv.weight: torch.qint8
Quantized values:
tensor([[[[   0,   -7,    3],
          [ -23,   -5,   -7],
          [ -32,    0,    9]],

         [[ -38,  -28,  -27],
          [   9,   23,  -25],
          [ -17,   22,  -14]],

         [[  12,   18,    8],
          [  -4,  -14,   -6],
          [  -3,   -7,   -3]],

         ...,

         [[ -26,  -24,  -35],
          [  22,   18,   -2],
          [ -32,  -24,  -29]],

         [[   9,  -24,  -17],
          [  -7,  -34,  -84],
          [ -35,  -14,   -4]],

         [[ -11,   -8,    5],
          [  -8,   -2,   -1],
          [   2,  -41,  -19]]],


        [[[ -52,  -56,   38],
          [-114,    9,   46],
          [  49,  -32,   16]],

         [[  20,   20,    5],
          [  18,  -25,  -44],
          [  28,  -45,  -19]],

         [[  16,  -23,  -45],
          [ -20,   35,  108],
          [ -77,  -22,   -7]],

         ...,

         [[  25,    2,  -11],
          [   4,   -6,  -25],
          [  15,  -17,   -7]],

         [[  -5,  -68,   11],
          [  37,  -28,   37],
          [  19,  -14,  -25]],

         [[ -55,   18,   -6],
          [  13,   -7,   12],
          [  11,  -61,   33]]],


        [[[  -3,    3,    2],
          [ -13,   -8,    1],
          [  -4,  -33,  -68]],

         [[ -20,  -19,  -21],
          [ -15,   -1,  -39],
          [   2,  -13,  -15]],

         [[   0,    1,    3],
          [  -2,    4,    1],
          [ -12,    6,    7]],

         ...,

         [[ -14,  -12,  -36],
          [ -38,  -36,   -4],
          [   0,  -12,  -26]],

         [[  11,  -48,  -45],
          [  -4,    3,  -41],
          [ -15,    7,   -3]],

         [[ -12,   -3,    5],
          [ -10,  -19,    9],
          [  11,  -26,  -23]]],


        ...,


        [[[  24,  -14,   15],
          [ -72,  -66,   37],
          [  19,   29,  -16]],

         [[  27,   21,    5],
          [  32,    4,  -81],
          [  42,    7,  -41]],

         [[  13,  -35,    0],
          [  -9,  -19,   99],
          [ -79,  -34,  -26]],

         ...,

         [[  11,   24,  -22],
          [  33,   15,  -59],
          [  12,   19,    3]],

         [[   8,   -9,  -19],
          [   0,   40,  -12],
          [   5,    8,    8]],

         [[ -35,   -4,   22],
          [  17,    3,  -45],
          [ -23,    1,   -7]]],


        [[[  -5,    1,    8],
          [  -7,    2,    6],
          [  24,  -11,    7]],

         [[ -10,   -2,   16],
          [ -11,   -4,    0],
          [   4,   -6,    6]],

         [[ -22,  -19,  -23],
          [   1,    7,   40],
          [  -4,   27,   15]],

         ...,

         [[   0,  -32,   12],
          [ -35,  -44,  -58],
          [   7,  -38,  -78]],

         [[  17,  -18,  -21],
          [   8,   25,    2],
          [  20,  -12,  -14]],

         [[  -6,  -26,   -9],
          [  16,    4,   11],
          [  31,    4,   -1]]],


        [[[   6,   -5,    5],
          [  12,  -33,  -20],
          [  15,  -11,   29]],

         [[  11,   19,  -49],
          [ -18,  -29,   35],
          [  51,    6,    1]],

         [[ -22,   38,    6],
          [  59,  -56,   50],
          [ -64,  -33,  -65]],

         ...,

         [[  -4,  -17,   12],
          [  20,   20,   -7],
          [  33,   20,    6]],

         [[  14,   13,   -2],
          [  30,   14,   -4],
          [  10,    5,    5]],

         [[   7,   21,   15],
          [ -13,  -43,    4],
          [  -2,   39,   12]]]], dtype=torch.int8)

Layer: encoder_stage_2.conv_same_2.conv.bias
Shape: torch.Size([16])
encoder_stage_2.conv_same_2.conv.bias: torch.float32
Values:
Parameter containing:
tensor([ 0.6433,  0.1506,  0.3972, -0.2767,  0.5526,  0.1520, -0.0402,  0.0287,
         0.1979,  0.3826,  0.2270, -0.0196,  0.3283,  0.1015,  0.1798, -0.1793],
       requires_grad=True)

Layer: encoder_stage_2.conv_same_2.conv.scale
Shape: torch.Size([])
encoder_stage_2.conv_same_2.conv.scale: torch.float32
Values:
0.11207860708236694

Layer: encoder_stage_2.conv_same_2.conv.zero_point
Shape: torch.Size([])
encoder_stage_2.conv_same_2.conv.zero_point: torch.int64
Values:
128

Layer: encoder_stage_2.conv_down.conv.weight
Shape: torch.Size([32, 16, 2, 2])
encoder_stage_2.conv_down.conv.weight: torch.qint8
Quantized values:
tensor([[[[ -3,   0],
          [ -6,   1]],

         [[ -2,  -6],
          [ 17,  10]],

         [[  5,  23],
          [-29, -31]],

         ...,

         [[  4,   0],
          [  4,  12]],

         [[-15,  15],
          [-21, -22]],

         [[ -8,  -4],
          [ 41,  24]]],


        [[[  4, -36],
          [ 31,   1]],

         [[  8,  -3],
          [  3,   5]],

         [[ -7,  -3],
          [ -2,   8]],

         ...,

         [[  9,  -6],
          [ -7,   6]],

         [[-61, -36],
          [-16,  -8]],

         [[-10, -30],
          [ 12,  -1]]],


        [[[  0, -11],
          [ 12,   3]],

         [[ 23,  22],
          [ 17,  15]],

         [[ -6,  -3],
          [  3,  24]],

         ...,

         [[ 30,  22],
          [ 24,   5]],

         [[-27,  11],
          [-42,  11]],

         [[ 11,   0],
          [ -6,   3]]],


        ...,


        [[[ 34,  32],
          [ -8,   0]],

         [[ -8,  12],
          [-14,  -8]],

         [[ 19,  36],
          [ 44,  41]],

         ...,

         [[  4,  26],
          [-21, -11]],

         [[ 16,  10],
          [-26, -15]],

         [[-13, -21],
          [-33, -32]]],


        [[[ -3,   4],
          [-19,  17]],

         [[ 37,  20],
          [-19, -65]],

         [[-35, -38],
          [ 24,  36]],

         ...,

         [[ 29,  20],
          [-51, -44]],

         [[ -9, -69],
          [ 60,  45]],

         [[-27,  31],
          [-62, -66]]],


        [[[ -2,   3],
          [ 10,  10]],

         [[-10,  -6],
          [ -1,   0]],

         [[ 43,  43],
          [ 29,  45]],

         ...,

         [[ -8,  -6],
          [ -7,  -3]],

         [[ 16,   1],
          [ -2, -15]],

         [[-24, -21],
          [  9,  -2]]]], dtype=torch.int8)

Layer: encoder_stage_2.conv_down.conv.bias
Shape: torch.Size([32])
encoder_stage_2.conv_down.conv.bias: torch.float32
Values:
Parameter containing:
tensor([-0.1347,  1.0352,  0.1852,  0.2340,  0.1371,  0.9870,  1.1541,  0.4085,
        -0.3593, -0.3491,  1.0294,  0.6393,  0.5176,  1.3407,  0.6952,  0.0237,
        -0.0345, -0.1589,  0.3530,  1.5161, -0.1008,  0.0473,  0.8016,  0.3429,
         0.0128,  0.0470, -0.2829, -2.2490, -0.0336,  0.4322, -0.0403,  0.4799],
       requires_grad=True)

Layer: encoder_stage_2.conv_down.conv.scale
Shape: torch.Size([])
encoder_stage_2.conv_down.conv.scale: torch.float32
Values:
0.13452672958374023

Layer: encoder_stage_2.conv_down.conv.zero_point
Shape: torch.Size([])
encoder_stage_2.conv_down.conv.zero_point: torch.int64
Values:
128

Layer: encoder_stage_3.conv_same_1.conv.weight
Shape: torch.Size([32, 32, 3, 3])
encoder_stage_3.conv_same_1.conv.weight: torch.qint8
Quantized values:
tensor([[[[ -6,   3,  -7],
          [  9,  11, -21],
          [  8,   3, -10]],

         [[ -1,   1,   4],
          [-23,   0, -14],
          [-17,  -1,   9]],

         [[ -8,   1,  -2],
          [-24,  -4,  -7],
          [  0,  -3, -18]],

         ...,

         [[  7,  -6,  25],
          [ -5,  -6, -15],
          [  1,  -7,  17]],

         [[-18,  15,  10],
          [-24,  -5,  17],
          [ 12,  -7,   6]],

         [[ -1,  -6,  28],
          [ 11,  -3, -17],
          [  7, -17,  23]]],


        [[[-19, -19,   2],
          [  5,  22,   2],
          [-22,   9, -18]],

         [[ 34,   5,   4],
          [-11, -31,   8],
          [-15,  20, -28]],

         [[-27, -33,  -9],
          [ -6, -41,  30],
          [ 17,  -1,   8]],

         ...,

         [[ 16,  11,  15],
          [ 11, -17, -31],
          [ -1, -13,  -5]],

         [[ -8,  12, -24],
          [-40,  13,   9],
          [-30,  11,  16]],

         [[ 12,   5,   7],
          [ 23, -26, -18],
          [-13,  -9,   6]]],


        [[[  1, -26,  -8],
          [ -4,  13, -43],
          [ 25, -13, -12]],

         [[  5,   5,  26],
          [ 21, -12, -17],
          [-23, -26,   2]],

         [[-14,   4,  15],
          [ -1, -15,  10],
          [  2,  -7,   8]],

         ...,

         [[ 40, -17,  28],
          [-12,   0,  24],
          [-21,  -3, -26]],

         [[-26,  -1,  -9],
          [ -2,  -5,   0],
          [-28,   9,  22]],

         [[ 27, -24,  33],
          [ -3,  11,  35],
          [-24, -16, -29]]],


        ...,


        [[[  9,  20,   7],
          [  6,   3,  -7],
          [-21,  -5,  -1]],

         [[-23,  23, -40],
          [-14,  44, -11],
          [ 32, -12,  -4]],

         [[-18,  -2, -52],
          [  9, -14,   8],
          [ 27,   3,   1]],

         ...,

         [[  4,  11,  -9],
          [ 22,  -1,  -9],
          [-22,   6, -16]],

         [[-13, -16, -39],
          [-10, -47, -34],
          [  0,  39,  -2]],

         [[  5,  -1,  -5],
          [ 16,  17,  -8],
          [ 11, -24, -45]]],


        [[[ -3, -15, -36],
          [-36, -30,  23],
          [-59, -14,  30]],

         [[-13, -11, -15],
          [ -8,   0,  12],
          [ 11,   7,  -2]],

         [[  0,   5, -32],
          [ -7,  17,  -5],
          [ 29,  25,   9]],

         ...,

         [[ 16, -20,  39],
          [  8,  -3,   6],
          [  1,   1, -17]],

         [[ -7, -29,  -3],
          [  8,  -7, -19],
          [-27,   2,  11]],

         [[-10,  -5,  25],
          [ 12,  -1,   1],
          [  3,  -2,  -4]]],


        [[[-48,  12,  -1],
          [-59,  16,  -4],
          [  5,  -2,  21]],

         [[  4,  20,   4],
          [ 13, -27,  18],
          [ -1,  -4, -23]],

         [[ -3,  -4,   8],
          [  9,  -3,   2],
          [  9,  19,   1]],

         ...,

         [[ 19, -11,  -8],
          [ 32, -18,   7],
          [-18,  15,  -9]],

         [[ -2,  -1,  -5],
          [-15, -11,  -4],
          [  7,   1,  11]],

         [[ 11,  -7,  -7],
          [ 39, -15,  -6],
          [-46,  16,  -9]]]], dtype=torch.int8)

Layer: encoder_stage_3.conv_same_1.conv.bias
Shape: torch.Size([32])
encoder_stage_3.conv_same_1.conv.bias: torch.float32
Values:
Parameter containing:
tensor([ 0.5962,  0.0686,  0.2148,  0.4486,  0.4315,  0.5765, -0.0157,  0.2607,
         0.0455, -0.1220,  0.4497,  0.1490,  0.3976,  0.3797,  0.3867,  0.0720,
         0.0481,  0.2058,  0.4443,  0.1722, -0.0399,  0.2680,  0.6677,  0.0888,
         0.3631,  0.1992, -0.0385,  0.4893, -0.0799,  0.1691,  0.0641,  0.3320],
       requires_grad=True)

Layer: encoder_stage_3.conv_same_1.conv.scale
Shape: torch.Size([])
encoder_stage_3.conv_same_1.conv.scale: torch.float32
Values:
0.059151213616132736

Layer: encoder_stage_3.conv_same_1.conv.zero_point
Shape: torch.Size([])
encoder_stage_3.conv_same_1.conv.zero_point: torch.int64
Values:
128

Layer: encoder_stage_3.conv_same_2.conv.weight
Shape: torch.Size([32, 32, 3, 3])
encoder_stage_3.conv_same_2.conv.weight: torch.qint8
Quantized values:
tensor([[[[ -9, -13,  -7],
          [-17,  22, -14],
          [ -4,  22,  15]],

         [[-17,  -9, -17],
          [ -3,  -7,  -6],
          [ 34,  13, -20]],

         [[-15,   0,  -5],
          [ 14, -31,  30],
          [  7,   8, -14]],

         ...,

         [[-28, -32,  26],
          [  8,  -7, -49],
          [  1, -16, -11]],

         [[ 17,  -1,  11],
          [  4, -19,  -3],
          [ -8,  18, -29]],

         [[-10, -18, -29],
          [ 19,  -1,   8],
          [ 60, -10, -41]]],


        [[[  4,  11, -54],
          [  1,  -2, -17],
          [ 19,   8,  45]],

         [[  4, -12,  21],
          [ -3, -41,  30],
          [  8,  -2,  18]],

         [[  5,  28, -49],
          [ -8,  -5,   3],
          [  2,  -8,  10]],

         ...,

         [[ 11, -48, -15],
          [-11,   5, -27],
          [  2,  -7, -43]],

         [[ 13,   9, -43],
          [-28,  34,  -9],
          [  5,  11,  -1]],

         [[-11,  13,  -7],
          [-25,   1,   4],
          [ 21, -20,  -6]]],


        [[[  1,  24,  16],
          [-12,  -8,  14],
          [  7,   3, -40]],

         [[  2,  17,  16],
          [ 16, -15,  -7],
          [ 23,  13,  -1]],

         [[  7, -12,  22],
          [  5,  10,   3],
          [ 16,   3,  -4]],

         ...,

         [[  1,   6,  -2],
          [ 16,  12,  13],
          [-11,   8,  25]],

         [[  9,  10, -15],
          [ 20, -19,  10],
          [-34,   5,  -1]],

         [[  2,   5,  -9],
          [  3,   7,   1],
          [ 14, -11, -12]]],


        ...,


        [[[-13, -44,   2],
          [  1,   9, -13],
          [ 30,  16,  25]],

         [[-14,  -3,   9],
          [ -4,   4,  -6],
          [-98, -16,  30]],

         [[ -7, -18,  21],
          [  2,   2, -26],
          [ 39, -14, -10]],

         ...,

         [[-28, -33,  27],
          [-27, -23, -17],
          [-25, -48, -25]],

         [[-25,   4,  19],
          [  1, -14,  -2],
          [-27, -11,   3]],

         [[-10,  -6,  21],
          [ -5,  14,   3],
          [-26, -24,   5]]],


        [[[-34, -11,  47],
          [-16,  19, -13],
          [ -8,   9,   3]],

         [[-16, -10, -15],
          [  8,  22, -34],
          [  9,   3,  11]],

         [[-67,  -1,  -2],
          [  9, -23,  42],
          [ -1, -41,  51]],

         ...,

         [[  4, -25,  15],
          [-16,   6, -16],
          [-30, -40,  11]],

         [[ -7, -15,  35],
          [-11,   3,   5],
          [-30, -39,  21]],

         [[-18, -10, -17],
          [ 28,  22, -31],
          [ -6,   5,   4]]],


        [[[ -7,  -2,   0],
          [-11,   4, -10],
          [  4,  21,  16]],

         [[  3,  12,  -5],
          [ 12, -29,   1],
          [ 46,   5,   0]],

         [[  0,  16,  -5],
          [  0, -15,  -4],
          [ 29, -13,  -8]],

         ...,

         [[ 15,   3,  25],
          [ -8,  -8,  12],
          [ -4,  35, -16]],

         [[ 11,  -2,  11],
          [ -4,   7,  18],
          [-52,   8,  -9]],

         [[ 12,  19, -10],
          [-25,   0, -20],
          [ 33, -20, -12]]]], dtype=torch.int8)

Layer: encoder_stage_3.conv_same_2.conv.bias
Shape: torch.Size([32])
encoder_stage_3.conv_same_2.conv.bias: torch.float32
Values:
Parameter containing:
tensor([0.1699, 0.0349, 0.0645, 0.1992, 0.4213, 0.0499, 0.2510, 0.1318, 0.3966,
        0.2951, 0.3508, 0.1542, 0.1356, 0.4170, 0.3436, 0.2164, 0.2153, 0.1423,
        0.1435, 0.2798, 0.2491, 0.3385, 0.0641, 0.3499, 0.1136, 0.2421, 0.1007,
        0.4445, 0.1894, 0.1786, 0.1782, 0.1408], requires_grad=True)

Layer: encoder_stage_3.conv_same_2.conv.scale
Shape: torch.Size([])
encoder_stage_3.conv_same_2.conv.scale: torch.float32
Values:
0.06143069267272949

Layer: encoder_stage_3.conv_same_2.conv.zero_point
Shape: torch.Size([])
encoder_stage_3.conv_same_2.conv.zero_point: torch.int64
Values:
128

Layer: encoder_stage_3.conv_down.conv.weight
Shape: torch.Size([64, 32, 2, 2])
encoder_stage_3.conv_down.conv.weight: torch.qint8
Quantized values:
tensor([[[[ -3,   0],
          [ 18,   6]],

         [[ 13,  16],
          [ -2,  17]],

         [[ -6,   1],
          [ 14,   3]],

         ...,

         [[  1,   1],
          [  4,  -8]],

         [[  5,  -7],
          [  3,  11]],

         [[  4,  18],
          [  7,  14]]],


        [[[-25,  -8],
          [ 14,   5]],

         [[  7,  37],
          [ 21,  19]],

         [[-16,  -6],
          [ -7,  -2]],

         ...,

         [[-10, -27],
          [ -1,   3]],

         [[-10,  -4],
          [  1,   0]],

         [[  1, -16],
          [ 13,  10]]],


        [[[ 16, -26],
          [ 37, -26]],

         [[ -4, -23],
          [  8, -10]],

         [[ 10, -45],
          [ 29, -13]],

         ...,

         [[ 35, -26],
          [ 15,  30]],

         [[-11, -49],
          [-30, -36]],

         [[ -6,  -4],
          [ 43,  -6]]],


        ...,


        [[[-18,  -9],
          [-20,   4]],

         [[-20,  -9],
          [ 34,  31]],

         [[ 10,   6],
          [ 19,   1]],

         ...,

         [[  8,   9],
          [-40, -31]],

         [[  4,  16],
          [ -5,   1]],

         [[ -8,  10],
          [ 16,  25]]],


        [[[  9, -19],
          [ -8, -36]],

         [[ 15,  -1],
          [ -9,  27]],

         [[ -9,  20],
          [-17, -25]],

         ...,

         [[-17,  -4],
          [  1, -21]],

         [[ 15, -39],
          [ 17,  16]],

         [[ 21, -37],
          [-19, -23]]],


        [[[-34,  16],
          [-42, -33]],

         [[-20, -39],
          [ 16,   5]],

         [[ 31,  -5],
          [ 15, -12]],

         ...,

         [[ -2,  12],
          [-27,   1]],

         [[ 12,   9],
          [ -8,   5]],

         [[-27, -27],
          [-12, -51]]]], dtype=torch.int8)

Layer: encoder_stage_3.conv_down.conv.bias
Shape: torch.Size([64])
encoder_stage_3.conv_down.conv.bias: torch.float32
Values:
Parameter containing:
tensor([-1.6088,  0.3393, -0.2760,  0.5195,  0.1892,  0.4001,  0.2170, -0.0032,
         0.4071,  0.5435,  0.0163, -0.0760, -0.1029,  0.0762,  0.0648, -0.1394,
        -0.1369, -0.0559,  0.2759,  0.0438, -0.3927,  0.2342,  0.5270, -0.0441,
         0.3218,  0.2106,  0.2035, -0.0712, -0.1103,  0.5984,  0.2792,  0.4259,
        -0.1677,  0.0454,  0.2968, -0.2768, -0.1462,  0.0408,  0.2659, -0.4449,
         0.4007,  0.1135,  0.1839, -0.0292,  0.5048,  0.1700,  0.3277, -0.3207,
        -0.3354,  0.3875,  0.1416,  0.7411, -0.1549, -0.0244, -0.1659,  0.3818,
         0.0508,  0.1045, -0.6175,  0.6728,  0.3870, -0.0022,  0.3375, -0.1463],
       requires_grad=True)

Layer: encoder_stage_3.conv_down.conv.scale
Shape: torch.Size([])
encoder_stage_3.conv_down.conv.scale: torch.float32
Values:
0.08515285700559616

Layer: encoder_stage_3.conv_down.conv.zero_point
Shape: torch.Size([])
encoder_stage_3.conv_down.conv.zero_point: torch.int64
Values:
128

Layer: cls_out.0.conv.weight
Shape: torch.Size([32, 64, 3, 3])
cls_out.0.conv.weight: torch.qint8
Quantized values:
tensor([[[[-41, -20,  15],
          [-27, -19, -26],
          [  9,   0, -42]],

         [[-17, -30, -52],
          [ 33,  -8,  15],
          [ 33,   6,  19]],

         [[ -8, -60, -47],
          [-25,  13,  12],
          [ 25,  12,  -3]],

         ...,

         [[-35, -28, -26],
          [ 35,  -7, -10],
          [ 13,  17,  -3]],

         [[-12,  -5,   5],
          [  8,  10,  -7],
          [-16,  -1,  -4]],

         [[ 21,   4,  -3],
          [-11,  -5,   8],
          [  2,   8, -20]]],


        [[[ 40,  32,  40],
          [-13, -61, -17],
          [  0,  38,   4]],

         [[  6,  22, -30],
          [  3,   4,  10],
          [ -8, -12,  13]],

         [[-45,  44,   6],
          [-42,  38,  10],
          [-22,   3, -29]],

         ...,

         [[ -2,  -6,  -1],
          [ 19,  -2,  -8],
          [  7,  23, -53]],

         [[ -6, -14,   4],
          [ -5,  24,   1],
          [ -9,  21, -19]],

         [[-17,  27, -30],
          [-10,  -3,  19],
          [ 13, -45, -31]]],


        [[[-41, -21, -23],
          [-44, -53, -13],
          [  3,  -2,  36]],

         [[ 14,   0, -59],
          [ 19,   1, -17],
          [  0,   3,  -7]],

         [[ 18,  25, -22],
          [-30, -19, -10],
          [  4,  -6, -32]],

         ...,

         [[ 47,   8, -13],
          [  1,   3,  10],
          [-10, -17, -13]],

         [[ 18,   7,   2],
          [ 29,   8,  56],
          [-46, -46, -13]],

         [[ 27,   0,   3],
          [ -9,  24, -33],
          [ -5,  14,  -2]]],


        ...,


        [[[-44, -28,  -2],
          [-32,  -6,  10],
          [-29, -13, -27]],

         [[ -3, -21,   3],
          [ 13, -21, -15],
          [  5,  -1,  19]],

         [[  8,  -1,   2],
          [-26, -17,  -1],
          [-28, -13, -20]],

         ...,

         [[  3,   6,  14],
          [  2,   7,   9],
          [-11,  -5,  20]],

         [[ -9,  -1,   1],
          [ -2,  -8,  23],
          [ 27,   5,  10]],

         [[-11,   4,  -2],
          [  7,   3,   3],
          [-10,  -3,  24]]],


        [[[  1,  14, -18],
          [ 13,   4, -51],
          [  5, -18, -25]],

         [[-10, -52, -22],
          [ 10,  18,   3],
          [ 37,  25,  23]],

         [[ -1,  -4,  13],
          [ -1,  25,  27],
          [-53, -22, -13]],

         ...,

         [[-37,   4,  22],
          [ 22, -19,   6],
          [-36, -34,  -9]],

         [[ -3,  31,  33],
          [  8, -26,  12],
          [-24,  16, -23]],

         [[  4,  34, -21],
          [ 13, -23,  -2],
          [-58, -23, -36]]],


        [[[ 39,   4,  18],
          [-39, -21, -43],
          [  1,  17,  13]],

         [[-22,   9,  13],
          [  6,   7,   6],
          [  5,  13, -28]],

         [[ 10,  -4,   3],
          [ 46, -17,  25],
          [ 40,  -1,  16]],

         ...,

         [[ 17,   0, -16],
          [-23,  23, -17],
          [ 26,   9,  11]],

         [[-13,  10,  20],
          [  4,  -6,   7],
          [-17,  15,  47]],

         [[ -7,  -7, -33],
          [-11,  16,   5],
          [ 10,  13,  -2]]]], dtype=torch.int8)

Layer: cls_out.0.conv.bias
Shape: torch.Size([32])
cls_out.0.conv.bias: torch.float32
Values:
Parameter containing:
tensor([-0.0185,  0.3408,  0.3244,  0.3085, -0.0176, -0.1513,  0.5135, -0.0561,
         0.0888,  0.8582,  0.3078,  0.0926,  0.6665,  0.1658,  0.0308,  0.3044,
         0.6231, -0.7036,  0.2260, -0.2323,  0.4057,  0.5482,  0.2806,  0.9574,
         0.1479,  0.0340,  0.4115,  0.0506,  0.0858,  0.4005, -0.0641, -0.7965],
       requires_grad=True)

Layer: cls_out.0.conv.scale
Shape: torch.Size([])
cls_out.0.conv.scale: torch.float32
Values:
0.09294776618480682

Layer: cls_out.0.conv.zero_point
Shape: torch.Size([])
cls_out.0.conv.zero_point: torch.int64
Values:
128

Layer: cls_out.1.conv.weight
Shape: torch.Size([16, 32, 3, 3])
cls_out.1.conv.weight: torch.qint8
Quantized values:
tensor([[[[ -6,  16,   7],
          [ -1,   4,   3],
          [-21,  -6, -12]],

         [[ -7, -26,  -3],
          [ 23,  20, -23],
          [ 16,  18,  22]],

         [[ 34,  14, -16],
          [-12, -16,  27],
          [  4, -10,  -3]],

         ...,

         [[-16, -19,  27],
          [-23, -12, -12],
          [ 22, -14, -17]],

         [[-20,  -3, -50],
          [-25, -28,  -7],
          [ 20,  12,  21]],

         [[-28, -27, -21],
          [  9, -14, -24],
          [-64,   0,   1]]],


        [[[  4,  -4, -13],
          [ -1, -12,  28],
          [ -3, -15,  -7]],

         [[ 15,  26,   5],
          [ 27,  29,  36],
          [  4,  13,  -9]],

         [[-23,   1,   7],
          [ 18,  -8,  -8],
          [-11,   8,  13]],

         ...,

         [[-37, -20, -23],
          [-29, -27, -16],
          [ -8,  10, -16]],

         [[-55, -17, -13],
          [-12, -13,  -9],
          [-38, -10,  10]],

         [[ 37,  -7, -19],
          [  6,  -3, -10],
          [ 22,   4, -25]]],


        [[[-60,  -6,  12],
          [ -4,   9,  14],
          [  8,  12,   5]],

         [[ -7,  -1,  10],
          [ -3, -18, -17],
          [-25, -11,  -4]],

         [[-24,  -7, -21],
          [ -1,   2,  -7],
          [ -7,  13,  34]],

         ...,

         [[ -8,  -5, -17],
          [  4, -14, -27],
          [ -1,  13,  10]],

         [[ 23, -28, -13],
          [  3,  -8,  -3],
          [ 17,  -9, -46]],

         [[ 21,   8,  12],
          [ 12,  -4, -15],
          [  3, -17,   1]]],


        ...,


        [[[-16,  24, -24],
          [-22,  -9, -21],
          [-10,   9, -23]],

         [[  8, -14,  -5],
          [ -8,   2, -21],
          [ -2,   2, -48]],

         [[ 19,   3, -32],
          [ -9, -11,  26],
          [  8, -19, -17]],

         ...,

         [[  4,  35, -48],
          [-17,  24,  16],
          [-35, -11,  31]],

         [[-21,   0, -12],
          [-22, -12, -28],
          [-10,  -2, -25]],

         [[-13, -22, -14],
          [ -3,   0,   0],
          [ 10, -10,   5]]],


        [[[-13,  -7, -54],
          [ 14,  -2, -29],
          [-36,  -3, -21]],

         [[ 23,   8,  41],
          [  3,  22,   5],
          [-12, -21, -10]],

         [[ 21,   4,   4],
          [  2, -16, -12],
          [ -7,  -8, -51]],

         ...,

         [[-34,  -7,   3],
          [  7,   8, -26],
          [-44,   0, -26]],

         [[-17,   9,  -3],
          [  7, -12,  -2],
          [ 33,  -8, -22]],

         [[ -8,  14,  34],
          [-11, -28,  10],
          [  1, -11,  12]]],


        [[[-13,  -7,  -4],
          [-17, -24,   8],
          [ 11,   2,  -4]],

         [[ 13,   4, -21],
          [-11, -23,  10],
          [ 29,  39,  19]],

         [[ 16,  12,  26],
          [ 23,   4,  19],
          [  9,   0,  -2]],

         ...,

         [[ 15, -12, -11],
          [-25, -23,  -9],
          [-42,  12, -41]],

         [[  1,   5,  18],
          [ 22,  -4,  16],
          [-57,  -7,  16]],

         [[-24, -24, -24],
          [-18,  -6, -26],
          [-13, -18,  22]]]], dtype=torch.int8)

Layer: cls_out.1.conv.bias
Shape: torch.Size([16])
cls_out.1.conv.bias: torch.float32
Values:
Parameter containing:
tensor([0.2640, 1.5260, 0.5963, 0.3854, 0.8486, 0.4327, 0.6777, 0.2955, 0.6861,
        0.1683, 1.4915, 0.2849, 0.0989, 0.3663, 0.6424, 0.4796],
       requires_grad=True)

Layer: cls_out.1.conv.scale
Shape: torch.Size([])
cls_out.1.conv.scale: torch.float32
Values:
0.06691630184650421

Layer: cls_out.1.conv.zero_point
Shape: torch.Size([])
cls_out.1.conv.zero_point: torch.int64
Values:
128

Layer: cls_out.2.conv.weight
Shape: torch.Size([8, 16, 3, 3])
cls_out.2.conv.weight: torch.qint8
Quantized values:
tensor([[[[ -25,  -18,    4],
          [ -43,  -39,  -33],
          [   2,  -33,  -11]],

         [[  82,   27,   47],
          [ -36,  -19,  -11],
          [ -12,  -12,  -11]],

         [[   6,   11,  -13],
          [  39,  -20,  -13],
          [  35,   31,   20]],

         ...,

         [[ -79,   15,   57],
          [  -7,   -7,   -2],
          [  67,   16,   -3]],

         [[ -12,   34,   19],
          [   5,   -6,   24],
          [ -21,   25,  -14]],

         [[  21,   -1,  -12],
          [  48,  -15,    3],
          [  43,   16,   13]]],


        [[[  59,   34,    5],
          [  11,  -17,    8],
          [  47,   16,  -37]],

         [[  51,  -22,  -23],
          [   0,   45,   16],
          [  12,   31,  -16]],

         [[ -14,   -3,  -12],
          [  13,   -3,   -6],
          [ -46,   -3,   -4]],

         ...,

         [[ -16,  -25,  -34],
          [ -29,  -10,  -42],
          [ -27,   -6,  -76]],

         [[ -10,  -15,   51],
          [ -42,   16,   75],
          [  11,    8,  -32]],

         [[ -38,  -33,   31],
          [ -83,   25,  -34],
          [ -13,    4,  -28]]],


        [[[  14,   19,  -41],
          [ -30,    2,  -14],
          [ -26,  -23,  -33]],

         [[  14,    1,  -43],
          [  -4,   24,   45],
          [ -34,  -22,    1]],

         [[  25,    5,   64],
          [  -7,  -21,   14],
          [ -25,  -38,  -49]],

         ...,

         [[-128,  -28,  -21],
          [ -73,    8,    9],
          [ -55,  -20,  -22]],

         [[   3,  -31,   54],
          [ -20,  -28,   56],
          [ -22,   -1,   19]],

         [[   5,  -22,   64],
          [ -44,   51,   10],
          [ -22,   29,   24]]],


        ...,


        [[[ -34,    1,  -39],
          [  -5,   13,   23],
          [  29,   21,   28]],

         [[  26,  -55,  -50],
          [   8,   26,   -9],
          [   5,   -7,  -58]],

         [[  29,    3,   18],
          [   0,   -6,  -34],
          [ -18,   -4,   17]],

         ...,

         [[ -44,    0,   61],
          [  -1,   25,   -3],
          [ -13,  -34,  -32]],

         [[  48,    6,   32],
          [  -1,   12,  -15],
          [ -12,   -2,  -13]],

         [[ -52,  -23,   23],
          [ -22,   15,   -6],
          [  24,   14,   10]]],


        [[[ -24,  -53,  -11],
          [ -49,   26,   44],
          [ -80,  -30,    3]],

         [[   1,    2,   33],
          [  79,  -22,  -37],
          [   6,   -1,  -17]],

         [[  61,   23,  -13],
          [  39,   18,   12],
          [ -38,  -20,    9]],

         ...,

         [[  12,   -9,   16],
          [  32,   13,  -15],
          [  31,   32,   10]],

         [[ -36,   22,   21],
          [  27,   51,    2],
          [  37,  -21,   14]],

         [[ -59,   21,  -18],
          [   3,    7,    3],
          [   2,   -6,  -20]]],


        [[[   1,   27,   32],
          [   5,   19,   -8],
          [ -42,   50,   75]],

         [[  62,   -8,   -3],
          [  42,   -9,   14],
          [  23,    8,  -24]],

         [[  29,   21,  -16],
          [ -28,  -37,  -21],
          [ -31,    1,  -24]],

         ...,

         [[  -7,   27,   36],
          [ -41,    0,   38],
          [ -20,   -1,  -24]],

         [[  26,    4,   34],
          [  34,   11,   -7],
          [  27,  -22,    4]],

         [[ -38,   22,   -9],
          [ -62,  -32,   19],
          [ -27,   -5,  -11]]]], dtype=torch.int8)

Layer: cls_out.2.conv.bias
Shape: torch.Size([8])
cls_out.2.conv.bias: torch.float32
Values:
Parameter containing:
tensor([0.9950, 1.3506, 0.6528, 1.0230, 0.7842, 0.9579, 0.7144, 1.1096],
       requires_grad=True)

Layer: cls_out.2.conv.scale
Shape: torch.Size([])
cls_out.2.conv.scale: torch.float32
Values:
0.0791192352771759

Layer: cls_out.2.conv.zero_point
Shape: torch.Size([])
cls_out.2.conv.zero_point: torch.int64
Values:
128

Layer: cls_out.3.weight
Shape: torch.Size([4, 8, 3, 3])
cls_out.3.weight: torch.qint8
Quantized values:
tensor([[[[ -32,  -23,  -43],
          [ -34,  -23,  -10],
          [ -55,  -39,  -30]],

         [[  34,   -1,  -27],
          [  -2,    3,  -10],
          [   3,   -2,    3]],

         [[  -5,   -4,  -45],
          [ -23,  -42,  -75],
          [ -74,  -62,  -22]],

         [[  -6,  -32,  -50],
          [ -46,  -43,  -44],
          [ -52,  -68,  -80]],

         [[ -18,  -29,  -34],
          [  12,   13,   -5],
          [ -13,    6,   17]],

         [[ -26,   -2,   32],
          [   8,  -17,  -57],
          [ -37,  -12,   -1]],

         [[ -13,  -11,  -10],
          [ -46,  -46,  -50],
          [ -79,  -32,   -8]],

         [[ -25,  -36,  -40],
          [ -30,   -1,   -1],
          [ -17,  -10,  -38]]],


        [[[ -47,  -54,  -58],
          [ -47,  -59,  -47],
          [ -46,  -39,   -8]],

         [[  29,  -30,  -38],
          [ -27,  -28,    9],
          [   2,   21,  -21]],

         [[   6,  -18,    6],
          [ -27,   -2,   23],
          [   8,    1,    0]],

         [[  18,  -23,  -13],
          [ -27,  -34,  -14],
          [ -74,  -43,  -36]],

         [[   2,    3,  -36],
          [  15,  -45,  -38],
          [ -30,  -50,  -30]],

         [[   1,   -3,  -48],
          [ -60,  -39,  -31],
          [ -63,  -65,  -30]],

         [[   9,  -25,  -81],
          [  11,  -35,  -18],
          [ -13,  -25,    0]],

         [[ -21,  -50, -127],
          [ -21,  -61,  -32],
          [ -41,    3,  -14]]],


        [[[ -46,   21,   -1],
          [ -28,  -20,   -2],
          [  -3,   -7,  -19]],

         [[  21,  -22,  -20],
          [ -34,  -42,  -16],
          [ -38,  -61,  -53]],

         [[-112,  -61,  -33],
          [ -55,  -47,  -44],
          [  10,  -24,  -47]],

         [[ -55,  -17,   21],
          [ -52,  -37,  -34],
          [ -63,  -42,  -13]],

         [[ -47,  -44,   11],
          [ -27,  -44,  -35],
          [ -55,  -54,  -56]],

         [[ -30,  -32,   -9],
          [ -18,  -28,  -36],
          [  12,  -22,  -52]],

         [[  -3,   10,  -10],
          [  30,  -27,   11],
          [  12,    2,    5]],

         [[ -32,  -30,  -12],
          [  -1,  -27,  -11],
          [ -18,   25,  -26]]],


        [[[ -25,  -10,  -17],
          [   7,   30,   32],
          [  19,    6,   -7]],

         [[ -31,  -34,  -20],
          [ -36,  -28,  -22],
          [ -57,  -50,  -68]],

         [[ -37,  -33,  -14],
          [ -22,  -30,  -37],
          [  -6,  -19,  -44]],

         [[ -40,  -11,   22],
          [ -29,  -45,  -46],
          [ -23,   -7,    3]],

         [[ -28,  -35,  -16],
          [  17,    7,  -13],
          [  -1,  -12,   -7]],

         [[   4,    9,  -12],
          [ -16,    2,    3],
          [  -9,  -16,  -19]],

         [[ -22,    5,    2],
          [ -83,  -57,  -19],
          [ -28,  -56,  -66]],

         [[ -57,  -55,  -42],
          [ -35,  -48,  -31],
          [ -45,  -34,  -29]]]], dtype=torch.int8)

Layer: cls_out.3.bias
Shape: torch.Size([4])
cls_out.3.bias: torch.float32
Values:
Parameter containing:
tensor([-0.4456,  0.3994,  0.3604, -0.9115], requires_grad=True)

Layer: cls_out.3.scale
Shape: torch.Size([])
cls_out.3.scale: torch.float32
Values:
0.27832263708114624

Layer: cls_out.3.zero_point
Shape: torch.Size([])
cls_out.3.zero_point: torch.int64
Values:
128

Layer: vertical_out.0.conv.weight
Shape: torch.Size([32, 64, 3, 2])
vertical_out.0.conv.weight: torch.qint8
Quantized values:
tensor([[[[-14,  -4],
          [  1, -15],
          [ -2,   0]],

         [[-12, -25],
          [-45,  16],
          [ 11,  53]],

         [[-10, -21],
          [  7, -15],
          [  5,  -1]],

         ...,

         [[ -2,  10],
          [-23,  26],
          [  4,  -1]],

         [[-18, -12],
          [ 25, -16],
          [ 11,  34]],

         [[-18,  30],
          [-12,  -3],
          [-47,  11]]],


        [[[ 15,  -9],
          [  5, -19],
          [  8, -30]],

         [[ 14,   7],
          [  4,  18],
          [-16, -15]],

         [[  9,  27],
          [-36, -34],
          [-45, -28]],

         ...,

         [[  8,  10],
          [-20, -25],
          [-12,  -5]],

         [[ -4, -19],
          [ 18,  40],
          [ -9, -11]],

         [[  0,  -5],
          [-30, -49],
          [-17,  52]]],


        [[[-13, -24],
          [ -1,  -5],
          [  5,   8]],

         [[ 10, -22],
          [-12,  20],
          [  2,  18]],

         [[ 28,  11],
          [  5,  10],
          [-17, -31]],

         ...,

         [[ 48,  13],
          [-16, -30],
          [-14,   2]],

         [[ 21,  -8],
          [ 17,   4],
          [ -7,   5]],

         [[  7,   0],
          [-48, -14],
          [  3,  25]]],


        ...,


        [[[ -6, -35],
          [ 21,   4],
          [  5,   4]],

         [[ 10, -42],
          [-12,  36],
          [-15,  29]],

         [[-46,  -3],
          [-69, -72],
          [-44, -28]],

         ...,

         [[-21, -29],
          [-10,   4],
          [  6,   8]],

         [[-12,  26],
          [-18,  12],
          [-13,  -8]],

         [[  2,  -8],
          [  9,  -9],
          [-26, -20]]],


        [[[-46, -46],
          [-22, -19],
          [-15,  33]],

         [[-33, -38],
          [ 18, -15],
          [ 15,  -6]],

         [[-49, -14],
          [-13, -27],
          [ -5, -19]],

         ...,

         [[ 21,  -4],
          [ 14, -20],
          [  6,  -7]],

         [[ 22,  -5],
          [ 29,  11],
          [-15, -10]],

         [[ -5,   8],
          [ 31, -11],
          [-28,  -7]]],


        [[[ -9,  -8],
          [ -7,   0],
          [ -9,  -9]],

         [[  1,  -2],
          [ -1, -11],
          [  5,  22]],

         [[-22,  11],
          [-10,  -1],
          [  7,   8]],

         ...,

         [[ 12,  25],
          [ -7,   9],
          [-16,   3]],

         [[  1,  25],
          [-11,  15],
          [-10,  -9]],

         [[  5,   5],
          [ 15, -10],
          [ -4, -11]]]], dtype=torch.int8)

Layer: vertical_out.0.conv.bias
Shape: torch.Size([32])
vertical_out.0.conv.bias: torch.float32
Values:
Parameter containing:
tensor([ 0.1026,  0.9319,  0.3389, -1.5461, -0.0016,  0.0385,  0.7378,  0.3502,
         0.5309,  0.4289,  0.0881,  0.3537,  0.6281, -0.3489,  0.0462,  0.8899,
        -0.0836,  0.9316,  0.5511,  0.6773,  0.3743, -0.1000,  0.7731,  0.1881,
         0.3600,  0.2257, -0.2123,  0.3551,  0.3523,  0.3261,  0.7664,  0.4188],
       requires_grad=True)

Layer: vertical_out.0.conv.scale
Shape: torch.Size([])
vertical_out.0.conv.scale: torch.float32
Values:
0.08585341274738312

Layer: vertical_out.0.conv.zero_point
Shape: torch.Size([])
vertical_out.0.conv.zero_point: torch.int64
Values:
128

Layer: vertical_out.1.conv.weight
Shape: torch.Size([16, 32, 3, 2])
vertical_out.1.conv.weight: torch.qint8
Quantized values:
tensor([[[[  47,   -4],
          [ -29,    2],
          [  41,   33]],

         [[   9,  -59],
          [ -22,  -22],
          [ -71,   32]],

         [[ -32,   35],
          [ -55,   35],
          [ -21,   20]],

         ...,

         [[  15,   -5],
          [  11,    2],
          [  36,   28]],

         [[ -30,  -56],
          [ -12,  -34],
          [   0,  -35]],

         [[   6,  -15],
          [  24,  -10],
          [  19,   -6]]],


        [[[  14,  -57],
          [   3,   -5],
          [ -10,   17]],

         [[ -20,   26],
          [ -36,  -10],
          [  45,   -7]],

         [[ -35,   -4],
          [   5,   20],
          [ -10,   27]],

         ...,

         [[ -15,   18],
          [  -2,  -42],
          [  15,  -32]],

         [[   0,   34],
          [ -21,   -9],
          [ -40,   11]],

         [[  46,   33],
          [  12,   -6],
          [  12,   22]]],


        [[[   2,  -11],
          [  -8,    3],
          [  10,   -6]],

         [[  -5,   46],
          [ -32,  -24],
          [ -79, -119]],

         [[  16,    2],
          [ -24,  -13],
          [ -27,  -23]],

         ...,

         [[  47,  -22],
          [  36,   -5],
          [  79,   25]],

         [[ -10,  -31],
          [ -33,  -35],
          [ -99,  -86]],

         [[ -27,   22],
          [  -3,  -24],
          [ -40,  -62]]],


        ...,


        [[[  19,    0],
          [ -21,   -8],
          [ -14,  -11]],

         [[  17,  -27],
          [  -4,  -29],
          [  -2,   48]],

         [[ -27,  -36],
          [  39,    0],
          [  45,   21]],

         ...,

         [[ -26,  -43],
          [  12,   24],
          [   0,  -17]],

         [[ -57,  -24],
          [  -5,   14],
          [  14,   -1]],

         [[  31,  -11],
          [  42,    4],
          [ -49,  -54]]],


        [[[ -47,  -43],
          [ -12,   28],
          [  -1,   40]],

         [[  29,   -5],
          [  16,  -18],
          [ -58,  -64]],

         [[  10,  -49],
          [   8,  -54],
          [  14,  -35]],

         ...,

         [[  15,  -20],
          [   6,   -9],
          [ -57,    9]],

         [[ -47,    5],
          [  12,   41],
          [  29,   30]],

         [[ -16,  -32],
          [  14,  -10],
          [   4,  -76]]],


        [[[ -13,   17],
          [ -27,    1],
          [  18,   38]],

         [[   9,   25],
          [  -8,    5],
          [ -12,  -94]],

         [[  36,   19],
          [ -34,   -7],
          [  17,    0]],

         ...,

         [[   6,  -42],
          [  25,  -50],
          [ -22,  -19]],

         [[  15,   47],
          [  24,  -37],
          [  -7,   10]],

         [[ -24,   10],
          [  20,   16],
          [  22,    0]]]], dtype=torch.int8)

Layer: vertical_out.1.conv.bias
Shape: torch.Size([16])
vertical_out.1.conv.bias: torch.float32
Values:
Parameter containing:
tensor([ 0.4427,  0.0985,  1.1161,  0.3523,  0.6289,  1.0586,  0.6939, -0.0814,
         0.6527,  0.2935,  0.3183,  0.5201,  0.5381,  1.1427,  0.6963,  0.4186],
       requires_grad=True)

Layer: vertical_out.1.conv.scale
Shape: torch.Size([])
vertical_out.1.conv.scale: torch.float32
Values:
0.05869551748037338

Layer: vertical_out.1.conv.zero_point
Shape: torch.Size([])
vertical_out.1.conv.zero_point: torch.int64
Values:
128

Layer: vertical_out.2.conv.weight
Shape: torch.Size([8, 16, 3, 2])
vertical_out.2.conv.weight: torch.qint8
Quantized values:
tensor([[[[  16,    5],
          [   5,    3],
          [  44,   22]],

         [[ -28,   21],
          [  35,   31],
          [ -10,    5]],

         [[  22,   34],
          [  -3,   -7],
          [  43,  -30]],

         [[ -63,  -38],
          [ -16,   -4],
          [  14,  -19]],

         [[ -15,   28],
          [  35,   -3],
          [ -56,  -47]],

         [[ -12,    3],
          [ -14,   31],
          [ -13,    4]],

         [[ -48,    8],
          [   3,  -42],
          [ -18,  -13]],

         [[   1,    8],
          [ -10,  -40],
          [ -27,   32]],

         [[ -30,  -21],
          [  -3,  -23],
          [   4,  -31]],

         [[  -6,   -2],
          [  15,  -24],
          [  15,    8]],

         [[  22,   18],
          [  50,   61],
          [  45,   58]],

         [[ -85,  -10],
          [ -30,   -5],
          [ -37,   32]],

         [[  23,   41],
          [ -47,   23],
          [ -40,   23]],

         [[ -34,    5],
          [   1,    8],
          [  24,   32]],

         [[ -27,  -52],
          [  -7,  -20],
          [ -44, -114]],

         [[ -10,    8],
          [ -55,   -7],
          [  27,  -13]]],


        [[[ -35,   44],
          [  68,    0],
          [  20,  -31]],

         [[  10,   23],
          [  22,   42],
          [ -26,  -40]],

         [[ -46,   17],
          [ -37,    3],
          [  -3,   27]],

         [[-110,   21],
          [ -65,   44],
          [ -38,    5]],

         [[ -35,  -22],
          [ -39,  -47],
          [ -60,  -49]],

         [[ -69,   -7],
          [ -33,  -26],
          [ -41,  -49]],

         [[ 111,   69],
          [  49,   55],
          [  88,  -22]],

         [[  -6,  -11],
          [ -50,   -3],
          [ -50,   16]],

         [[ -17,    3],
          [ -21,   37],
          [ -25,  106]],

         [[  67,   37],
          [  48,   18],
          [   6,    0]],

         [[  -5,   15],
          [  32,  -14],
          [ -20,    9]],

         [[ -38,   10],
          [ -15,    5],
          [  -4,   32]],

         [[  43,   38],
          [  -5,    6],
          [   0,  -54]],

         [[ -24,   47],
          [ -11,   33],
          [  -5,  -12]],

         [[  -7,  -26],
          [  27,   25],
          [   2,   -1]],

         [[  34,    9],
          [  35,  -68],
          [   2,  -78]]],


        [[[  62,   70],
          [  15,   41],
          [  46,   34]],

         [[  33,   30],
          [  37,   32],
          [   8,  -21]],

         [[ -34,    8],
          [ -36,   16],
          [  38,   -9]],

         [[  16,    6],
          [   7,   -1],
          [ -11,  -29]],

         [[  13,   27],
          [  14,    7],
          [  -3,   24]],

         [[ -29,  -49],
          [  12,   -6],
          [ -29,  -43]],

         [[ -22,  -18],
          [  11,  -36],
          [ -33,   -7]],

         [[   7,   35],
          [ -37,  -37],
          [ -31,   26]],

         [[ -13,   26],
          [ -10,   26],
          [  -3,   43]],

         [[  18,   36],
          [  12,   15],
          [   2,   28]],

         [[ -74,   -6],
          [ -34,   -1],
          [ -59,  -30]],

         [[ -18,   -7],
          [ -17,    5],
          [ -24,  -12]],

         [[   5,   32],
          [ -29,   -4],
          [ -69,  -70]],

         [[ -47,  -29],
          [ -12,  -13],
          [   9,  -13]],

         [[   1,   10],
          [  -7,    6],
          [  -9,  -18]],

         [[ -20,  -10],
          [  -7,   -7],
          [  -3,  -53]]],


        [[[ -11,  -44],
          [   9,   13],
          [ -47,  -20]],

         [[ -14,    5],
          [ -45,  -21],
          [ -94,  -76]],

         [[ -12,  -25],
          [   8,    9],
          [  43,   -3]],

         [[ -33,  -19],
          [  18,   -2],
          [ -73,  -32]],

         [[  17,   26],
          [ -41,  -23],
          [  38,   66]],

         [[  12,   57],
          [  -7,   11],
          [  61,   64]],

         [[ -20,  -14],
          [   9,    0],
          [ -42,  -23]],

         [[ -66,  -30],
          [ -27,   -8],
          [  54,  -45]],

         [[ -27,  -26],
          [  -1,  -40],
          [ -38,  -55]],

         [[  26,   31],
          [  -5,    6],
          [  12,    0]],

         [[ -25,  -10],
          [  -5,   11],
          [  19,  -26]],

         [[ -15,  -34],
          [  36,   19],
          [   2,  -67]],

         [[ -10,  -31],
          [ -23,   12],
          [  -3,   55]],

         [[  36,   75],
          [  31,   16],
          [   6,    8]],

         [[  -5,  -18],
          [ -25,  -43],
          [  37,  -11]],

         [[ -23,   -7],
          [ -25,  -27],
          [  59,   38]]],


        [[[  62,   27],
          [   3,    8],
          [   8,   17]],

         [[ -43,  -53],
          [ -20,   15],
          [ -31,  -30]],

         [[  34,   42],
          [  27,   19],
          [  23,   46]],

         [[   5,   49],
          [ -14,  -21],
          [ -22,    5]],

         [[  16,   19],
          [   9,   14],
          [  42,   13]],

         [[ -67,  -22],
          [ -30,   -6],
          [ -64,  -64]],

         [[  17,  -21],
          [ -20,  -41],
          [  39,   19]],

         [[  20,  -59],
          [   7,   25],
          [  10,  -16]],

         [[   6,   14],
          [ -31,   44],
          [  12,   49]],

         [[ -83,  -94],
          [  -3,  -22],
          [ -16,  -21]],

         [[  21,  -16],
          [  24,    1],
          [  18,    4]],

         [[  33,   53],
          [  -6,    7],
          [  -8,   -1]],

         [[  16,   23],
          [ -22,    9],
          [ -79,  -31]],

         [[  56,    0],
          [  -1,   14],
          [  41,   22]],

         [[  12,   20],
          [   9,   -1],
          [  11,   32]],

         [[ -36,  -77],
          [ -25,  -46],
          [ -29,  -81]]],


        [[[ -45,  -18],
          [ -10,  -20],
          [ -22,  -46]],

         [[ -34,  -61],
          [  12,    1],
          [ -19,  -52]],

         [[   1,  -13],
          [ -52,  -65],
          [  38,  -26]],

         [[  13,   49],
          [  -1,  -13],
          [ -29,  -20]],

         [[  -4,   -8],
          [  -3,  -16],
          [  38,    8]],

         [[  31,   26],
          [  10,   11],
          [  29,   24]],

         [[ -22,  -10],
          [  -4,   20],
          [ -15,  -29]],

         [[ -26,  -61],
          [  -7,  -38],
          [  11,   45]],

         [[  -4,  -12],
          [ -20,   26],
          [  41,   20]],

         [[  59,    2],
          [  41,   -1],
          [  51,   14]],

         [[  27,   22],
          [ -27,   36],
          [  21,   47]],

         [[ -43,  -29],
          [  11,   22],
          [  -8,  -40]],

         [[  -6,   15],
          [ -33,    5],
          [ -42,    2]],

         [[  45,   62],
          [  47,    4],
          [  26,  -32]],

         [[  16,  -16],
          [ -10,  -21],
          [  -2,  -22]],

         [[ -21,    3],
          [  15,   -1],
          [  24,   22]]],


        [[[  31,  -15],
          [  32,   -6],
          [  20,    8]],

         [[  57,   12],
          [  -1,    1],
          [  27,  -32]],

         [[  62,    5],
          [  40,   12],
          [ 127,   92]],

         [[  23,  -39],
          [  14,  -23],
          [  99,   70]],

         [[  43,    4],
          [  -7,   -2],
          [  95,   25]],

         [[  -5,    4],
          [  13,   18],
          [ -44,  -38]],

         [[  -9,  -40],
          [  -3,  -24],
          [  23,  -23]],

         [[ -29,  -21],
          [  -3,   28],
          [ -10,  -17]],

         [[ -56,  -29],
          [ -50,   21],
          [   7,   33]],

         [[ -34,   13],
          [ -16,   -6],
          [  17,   -1]],

         [[ -12,    8],
          [ -38,   13],
          [  -6,  -21]],

         [[   7,    0],
          [   5,  -22],
          [ -10,    0]],

         [[ -11,    8],
          [  18,   29],
          [ -43,   48]],

         [[   0,    3],
          [  27,  -53],
          [  66,  -20]],

         [[  25,   -4],
          [  40,   31],
          [  79,   80]],

         [[ -11,  -46],
          [ -21,  -27],
          [ -10,  -77]]],


        [[[ -55,  -43],
          [ -36,   -2],
          [ -37,  -10]],

         [[  33,   20],
          [  23,   19],
          [  47,   12]],

         [[  21,   10],
          [  -8,   -8],
          [  -8,  -17]],

         [[  74,   32],
          [  -7,    7],
          [   6,    4]],

         [[  44,   11],
          [   9,   14],
          [   8,  -21]],

         [[   3,   16],
          [  15,   26],
          [  54,   64]],

         [[  15,   40],
          [  20,  -16],
          [  46,   56]],

         [[ -45,  -28],
          [ -28,   -5],
          [   0,   53]],

         [[  48,   63],
          [  36,   53],
          [  52,   43]],

         [[ -68,  -74],
          [  12,   17],
          [ -13,  -57]],

         [[ -56,  -38],
          [ -38,   15],
          [   1,   -1]],

         [[  -8,   29],
          [ -14,  -13],
          [ -67,  -13]],

         [[  -4,    0],
          [   0,    7],
          [ -39,   -7]],

         [[ -41,    7],
          [ -36,   19],
          [  26,   16]],

         [[   4,  -36],
          [ -17,  -41],
          [ -14,  -85]],

         [[ -49,  -10],
          [ -13,  -22],
          [ -10,   16]]]], dtype=torch.int8)

Layer: vertical_out.2.conv.bias
Shape: torch.Size([8])
vertical_out.2.conv.bias: torch.float32
Values:
Parameter containing:
tensor([ 1.3323,  0.1509,  1.1052,  0.8180,  0.3994, -0.0741, -1.0019, -0.4125],
       requires_grad=True)

Layer: vertical_out.2.conv.scale
Shape: torch.Size([])
vertical_out.2.conv.scale: torch.float32
Values:
0.09096664935350418

Layer: vertical_out.2.conv.zero_point
Shape: torch.Size([])
vertical_out.2.conv.zero_point: torch.int64
Values:
128

Layer: vertical_out.3.weight
Shape: torch.Size([4, 8, 3, 8])
vertical_out.3.weight: torch.qint8
Quantized values:
tensor([[[[   5,   12,   18,   19,    1,    4,   -3,  -10],
          [  16,   15,   33,   33,   26,    8,   -6,    1],
          [  10,   37,   16,    9,   30,   14,   -9,   -8]],

         [[ -39,   37,    6,   15,   13,    2,   -1,    5],
          [ -43,   22,  -12,    6,    2,   -2,   -5,    4],
          [  57,   19,  -22,   15,   13,   -5,   -5,   -6]],

         [[ -11,  -25,  -34,   10,   29,   15,  -11,    0],
          [  11,  -27,  -29,   11,   18,    9,   11,  -11],
          [ -18,  -48,  -17,   12,   24,   11,    8,    0]],

         [[   8,   -4,  -25,  -61,  -37,   14,   -6,  -11],
          [  12,   -5,  -19,  -56,  -49,   10,    2,   -2],
          [   7,   -1,  -28,  -74,  -76,  -13,   -3,   -9]],

         [[ -10,  -48,  -37,  -46,   31,  -13,   -9,   -2],
          [ -34,  -38,  -51,  -32,   15,   -1,   -7,   -2],
          [ -34,  -15,  -54,  -22,   27,   12,    1,   -1]],

         [[   6,  -29,    4,  -29,   -6,  -13,  -11,   -9],
          [  -3,  -12,  -31,  -56,  -14,   -3,    0,  -13],
          [ -18,  -65,  -35,  -33,  -16,   -8,    2,   -2]],

         [[  17,    7,   -3,  -27,   17,   -4,    3,    5],
          [  17,   13,    6,  -46,   12,   -5,   -1,    0],
          [  13,   15,   -4,  -84,  -21,   23,   -6,    5]],

         [[ -22,    6,   -5,  -50,  -62,   29,    1,   13],
          [  26,    2,   18,  -24,  -29,    2,    2,    6],
          [  10,   15,   17,  -10,  -18,    7,    4,    6]]],


        [[[  -1,   -5,   -7,    2,   10,   28,   -1,    2],
          [   5,   17,   28,   23,   55,   18,   -2,  -10],
          [  -9,   21,   -2,    7,   33,   22,    8,   -9]],

         [[ -32,   26,   54,   17,   39,    3,    6,    4],
          [ -23,   19,   36,    8,   38,    0,    6,    4],
          [  30,   11,   36,   36,   22,    8,   17,    1]],

         [[ -16,    9,   35,   32,   41,   13,   -7,  -13],
          [  12,   -4,   14,   21,   10,   16,   -3,  -23],
          [  -2,   -5,   32,   17,   49,   10,  -27,  -12]],

         [[  -6,  -11,  -23,  -52,  -28,   21,  -10,  -18],
          [  12,   -4,  -21,  -84,  -38,   12,    2,    5],
          [   3,   -7,  -29, -127,  -79,  -23,  -16,    7]],

         [[   5,  -11,   -9,   17,   27,    4,   -9,    8],
          [ -27,   -4,   -4,    1,   25,    2,    5,   -1],
          [ -32,  -16,    6,    1,   39,   10,   16,    6]],

         [[  -5,  -28,   16,  -34,    2,  -39,   15,   -6],
          [ -22,   -8,    2,  -35,  -14,  -10,   26,  -13],
          [ -18,  -50,  -21,  -12,  -11,  -16,   19,   13]],

         [[  21,   22,   -9,  -18,   -6,    9,   12,  -11],
          [   6,   12,   15,  -11,    0,    2,    1,  -18],
          [ -10,   21,   13,    9,  -21,   12,   -3,    0]],

         [[  37,  -54,  -51,    9,   41,   34,  -16,   -5],
          [  18,  -46,  -32,    1,   25,   20,   -6,    1],
          [  19,  -29,  -38,   10,   26,  -15,    0,   16]]],


        [[[  -7,   -3,  -24,   11,   39,   35,    5,   -5],
          [  -3,   21,   22,   25,   64,   29,    1,  -23],
          [  -7,   16,   -3,    1,   42,   24,    6,   17]],

         [[   7,    7,    6,   22,  -33,   40,   26,  -15],
          [   7,    0,   -4,    5,  -20,   28,   25,   20],
          [   8,  -10,   10,   31,    3,   30,   27,   33]],

         [[  -2,   11,   32,   35,   23,   -5,  -13,  -53],
          [  -6,    5,   26,   30,    4,   -3,  -11,  -47],
          [  -5,    2,   32,   33,   25,    1,  -20,  -34]],

         [[  -6,   -7,  -24,  -63,  -27,   13,   -7,  -20],
          [   2,    3,  -21,  -91,  -43,   13,    4,    1],
          [   1,    4,  -38, -108,  -67,  -29,  -13,    8]],

         [[   1,    2,    3,    6,   -2,  -10,  -16,   66],
          [  -3,   -3,   -7,   -5,    0,   -6,   -4,   42],
          [  -3,  -23,   10,    3,   24,    2,    6,   31]],

         [[  -7,  -23,   16,  -27,    3,  -28,   27,  -34],
          [ -24,  -10,   -2,  -26,  -18,   -7,   19,   14],
          [ -20,  -60,  -17,   18,   -1,   -7,   12,    3]],

         [[   9,   20,  -10,  -25,   10,   -4,   12,  -19],
          [   2,    6,    7,  -13,   10,    2,    3,  -19],
          [ -15,   17,   16,    6,  -21,    3,   -8,    3]],

         [[   1,  -12,   23,   25,   -8,  -33,  -30,   15],
          [  -4,  -11,   22,   16,   -4,  -16,   -8,    2],
          [   9,  -15,  -18,   10,   -8,  -13,    7,  -12]]],


        [[[   1,    6,   -1,   -1,   32,    8,    2,   13],
          [   1,   10,    7,   14,   56,   13,   -4,    5],
          [   1,    7,   -3,    7,   57,   13,    9,   15]],

         [[  -9,   -8,   -9,   -9,    0,   -3,   33,  -68],
          [  -5,   -2,   -4,  -10,  -12,   -5,   22,   37],
          [   2,    1,   -7,    3,   -3,   -5,   23,   27]],

         [[   6,    9,   -4,   16,    6,  -12,   -4,  -26],
          [  12,    9,    4,   11,  -10,  -14,    0,  -54],
          [   4,    3,   15,   19,  -15,  -30,   -5,  -22]],

         [[   0,    0,  -19,  -62,  -29,   -2,  -12,   -6],
          [   4,    0,  -17,  -71,  -23,   -2,   -6,   12],
          [  11,    0,  -21,  -71,  -40,  -17,  -14,   12]],

         [[  12,    0,  -14,  -17,  -66,  -38,  -31,    5],
          [   1,    1,    1,   -8,  -65,  -25,  -33,   -6],
          [   8,    1,   -1,   -7,  -39,  -13,  -35,  -20]],

         [[  -3,   -8,    8,  -21,   -6,  -37,   -3,   -7],
          [ -12,    2,  -14,  -27,  -12,  -34,    7,   -3],
          [  -9,  -30,  -16,   -7,   15,  -33,    4,  -16]],

         [[   8,   -7,  -10,    6,    6,  -21,   14,    9],
          [   0,   -4,   -2,    5,   -8,  -31,    7,   -5],
          [ -10,    1,   12,   13,  -39,  -69,   -7,   -1]],

         [[   0,   -9,   -2,  -43,  -22,   11,   32,    0],
          [  -3,   -6,   -3,  -41,  -24,   13,   31,    0],
          [   2,    0,   -9,  -31,  -10,   26,   36,   24]]]],
       dtype=torch.int8)

Layer: vertical_out.3.bias
Shape: torch.Size([4])
vertical_out.3.bias: torch.float32
Values:
Parameter containing:
tensor([0.3083, 0.0984, 0.3139, 0.0960], requires_grad=True)

Layer: vertical_out.3.scale
Shape: torch.Size([])
vertical_out.3.scale: torch.float32
Values:
0.2541629672050476

Layer: vertical_out.3.zero_point
Shape: torch.Size([])
vertical_out.3.zero_point: torch.int64
Values:
128

Layer: offset_out.0.conv.weight
Shape: torch.Size([32, 64, 3, 3])
offset_out.0.conv.weight: torch.qint8
Quantized values:
tensor([[[[ 13, -15,   8],
          [-38, -10, -17],
          [ -1, -39, -35]],

         [[-52, -15, -42],
          [ 38, -32,  18],
          [  2,   4, -30]],

         [[-18, -32, -80],
          [  4, -53,  28],
          [-12, -12,  -9]],

         ...,

         [[-14,  16,  42],
          [  6,   7, -28],
          [-12, -57,   2]],

         [[-17,  22, -33],
          [ 18,  -8,  24],
          [-14, -29,  17]],

         [[-10,  30,   3],
          [ -8,  32, -53],
          [ -7, -40, -24]]],


        [[[-36, -14, -25],
          [-45, -35,  -1],
          [ 73, -59,  10]],

         [[-18,  -6,  -5],
          [ -2,  20,   8],
          [-75,  13,  17]],

         [[ -5, -60,  24],
          [ 13, -17,  -1],
          [ 23, -32, -13]],

         ...,

         [[-37,  13, -28],
          [-10,  13,   9],
          [ 22, -54,  39]],

         [[ -1,  12,  16],
          [ 22, -13,  32],
          [-39,  -6, -38]],

         [[-62, -14,  28],
          [-27,  14,  35],
          [ 23,   1,   3]]],


        [[[-32,  -8, -56],
          [ -8, -17,  15],
          [  4, -48,  28]],

         [[-20,   1, -36],
          [-18,   9,  35],
          [-23,  10,  46]],

         [[ 15,  32,  13],
          [  1, -57, -68],
          [ 35, -34,  12]],

         ...,

         [[-71, -35, -18],
          [  8,  67,  -7],
          [  3,  36, -64]],

         [[-35,  27,   3],
          [ -4, -25,  -8],
          [ 36,  16, -62]],

         [[-15,   0,  14],
          [ -6,  32,  11],
          [-24,  32, -36]]],


        ...,


        [[[-35, -43, -37],
          [-31,   9, -17],
          [  4,  -8,  10]],

         [[ 12,   8,   4],
          [-17, -34,   8],
          [ -6,  26, -40]],

         [[ 36,  -2, -23],
          [ 67, -11,   2],
          [ -8, -33, -87]],

         ...,

         [[ 20, -26, -13],
          [ -5, -37, -25],
          [ 26,  -4,   8]],

         [[-21,  -8, -10],
          [ 19, -13,  23],
          [ 30,  28,  11]],

         [[-27, -12,  18],
          [ -8,   8,  45],
          [ 39,   1,  10]]],


        [[[ -6, -13,  17],
          [-35,  12,  -3],
          [-16,   8,   8]],

         [[  0, -37,  15],
          [-49,   9,  56],
          [-12,  19,   4]],

         [[ 25, -50, -17],
          [  6,  32, -41],
          [ -8,  28, -17]],

         ...,

         [[ -6,  28,  25],
          [  5,  -6,  13],
          [-11,  -3,   5]],

         [[  7,  -6,  -6],
          [-11, -12,  27],
          [-55, -11,  17]],

         [[ 11, -26,   3],
          [ -8, -24, -12],
          [  6, -13, -45]]],


        [[[ -7, -48, -62],
          [ 31, -79,   5],
          [  3, -76,  27]],

         [[ 34, -76,  -5],
          [ 32,  -6, -25],
          [ 54,   0,   2]],

         [[-10,  13, -12],
          [-13, -14, -28],
          [  3,  -6, -26]],

         ...,

         [[ 21, -38,  11],
          [ 24, -25, -19],
          [ 18, -52,  16]],

         [[ -4, -47,  12],
          [-50,  -1, -10],
          [ 23,  -3,  -4]],

         [[-18,  -1,  -3],
          [ 38, -11, -47],
          [-21, -83,  -8]]]], dtype=torch.int8)

Layer: offset_out.0.conv.bias
Shape: torch.Size([32])
offset_out.0.conv.bias: torch.float32
Values:
Parameter containing:
tensor([ 0.9268,  0.6288,  0.4941,  0.1332,  0.4034,  0.6667,  0.4570,  0.2056,
         0.6545,  0.4759,  0.6863,  0.8481,  0.3590,  0.6973,  0.0989,  0.3366,
         0.1682, -0.0019,  0.6466,  0.5262,  0.0717,  1.2687,  0.8746,  0.0599,
        -0.6808,  0.4186,  0.9236,  0.0290,  0.6403,  0.4022,  1.1143,  0.8335],
       requires_grad=True)

Layer: offset_out.0.conv.scale
Shape: torch.Size([])
offset_out.0.conv.scale: torch.float32
Values:
0.12137137353420258

Layer: offset_out.0.conv.zero_point
Shape: torch.Size([])
offset_out.0.conv.zero_point: torch.int64
Values:
128

Layer: offset_out.1.conv.weight
Shape: torch.Size([16, 32, 3, 3])
offset_out.1.conv.weight: torch.qint8
Quantized values:
tensor([[[[-31,   4, -35],
          [ 28,  -7,   9],
          [ 18,  12,   3]],

         [[ -7,  50,  22],
          [  1, -36,   3],
          [-23,  23, -20]],

         [[ 40,   9,   5],
          [-22,  27,  12],
          [ 51,  16,  10]],

         ...,

         [[-17,  -1,  29],
          [ -9,  21, -28],
          [  2,  29, -33]],

         [[ 23,  40,  -5],
          [  3, -30,  -4],
          [ -3,  -5,  -3]],

         [[  2,  15, -29],
          [ -4,  17,  -7],
          [ 23,   0, -11]]],


        [[[ -4,  -1, -13],
          [ 14, -16,  40],
          [-41, -60, -63]],

         [[  9, -15,  -3],
          [  7,  11,  -9],
          [ 46, -55, -34]],

         [[-45,   1,  17],
          [  0, -15, -36],
          [ 18,  -7,  38]],

         ...,

         [[-20,  17, -52],
          [  2, -37, -17],
          [-16,  19, -72]],

         [[ 10,  50,  -8],
          [ 13,  11, -11],
          [-27,  18,  -7]],

         [[ 19,   9,  12],
          [ 30,  18,  -6],
          [ 96,  37,   7]]],


        [[[ 74, -62, -33],
          [ 13, -11, -24],
          [-51, -20, -13]],

         [[-91, -22,  38],
          [ 42, -16, -24],
          [-29,  38, -13]],

         [[-18, -79, -27],
          [-15,  55, -17],
          [-27, -17,  -3]],

         ...,

         [[ 23, -20, -25],
          [-12, -24,   5],
          [-12,  13, -33]],

         [[-36,  19, -39],
          [ -4,   5, -59],
          [ 35,  71, -42]],

         [[ 12,  27, -39],
          [  1, -48,  14],
          [-27, -22, -24]]],


        ...,


        [[[  1, -11,   6],
          [ 40,  -9,   1],
          [ 46, -16, -31]],

         [[ 21,   4,   5],
          [-39,   9, -13],
          [-32,   6,   8]],

         [[-30,  14,  15],
          [-11,  10, -30],
          [  4, -21,  -1]],

         ...,

         [[ 40, -10,  20],
          [ -1,   1,   0],
          [ 34,  -8, -34]],

         [[-44, -64,  -1],
          [-10,  23,  38],
          [ 24,   8,  15]],

         [[  4, -37,  82],
          [ -9,  54,  32],
          [-19, -22,  25]]],


        [[[-75, -22,   7],
          [ -8,  45,  24],
          [ 19, -10,  -7]],

         [[  8, -20,  57],
          [  7,  13, -28],
          [ 75,  34,  26]],

         [[  8,  32,  11],
          [-39,  34, -17],
          [ 13,  11,  42]],

         ...,

         [[-12,  -7, -18],
          [-32,   5,  -4],
          [ 50,  29,  21]],

         [[-76, -18, -22],
          [-27, -21, -27],
          [ 50, -14,   1]],

         [[  9,  33, -36],
          [-12, -11, -32],
          [ 11,  60, -48]]],


        [[[-35,  49, -11],
          [-28,  -7,  15],
          [-45,  52, -54]],

         [[-39,  14, -54],
          [-22, -14, -40],
          [ 32,  58,  10]],

         [[ -2, -25, -48],
          [ 16,  36,  -9],
          [ 22,  56, -11]],

         ...,

         [[ 11,  -5, -27],
          [-13, -38, -21],
          [-32,  28,  14]],

         [[  7, -30,  19],
          [-19,  34,  -4],
          [ 17,  38,  17]],

         [[  4,  -9,  -5],
          [ 15,   0,  24],
          [-17,  43, -13]]]], dtype=torch.int8)

Layer: offset_out.1.conv.bias
Shape: torch.Size([16])
offset_out.1.conv.bias: torch.float32
Values:
Parameter containing:
tensor([-0.5966,  1.4602,  1.4788,  0.5907,  0.9219,  0.4648,  0.5846,  0.4668,
         0.4517,  0.6007,  0.2317,  0.5888,  1.0432,  0.4632,  0.7029,  0.7614],
       requires_grad=True)

Layer: offset_out.1.conv.scale
Shape: torch.Size([])
offset_out.1.conv.scale: torch.float32
Values:
0.08821479976177216

Layer: offset_out.1.conv.zero_point
Shape: torch.Size([])
offset_out.1.conv.zero_point: torch.int64
Values:
128

Layer: offset_out.2.conv.weight
Shape: torch.Size([8, 16, 3, 3])
offset_out.2.conv.weight: torch.qint8
Quantized values:
tensor([[[[ -18,    3,   17],
          [ -46,    4,  -53],
          [ -32,  -38,   22]],

         [[  39,  -42,   10],
          [ -66,   32,   23],
          [  -1,    4,  -61]],

         [[  19,   -7,  -26],
          [  -8,    4,  -15],
          [ -23,    7,   38]],

         ...,

         [[   2,    2,   52],
          [ -12,   38,  -22],
          [   5,  -14,  -29]],

         [[  22,  -55,   24],
          [   3,   38,   -4],
          [  -8,   -1,   -2]],

         [[  -3,  -17,   23],
          [ -20,   59,  -45],
          [ -36,  -73,  -32]]],


        [[[ -37,  -27,   -8],
          [ -87,   25,   38],
          [ -78,   33,  -24]],

         [[  24,  -13,  -68],
          [ -35,  -13,    7],
          [  21,    7,   21]],

         [[  -7,  -14,   30],
          [ -23,   56,  -14],
          [  74,  -26,   13]],

         ...,

         [[ -18,   70,  -25],
          [   9,  -47,  -15],
          [ -35,   17,   35]],

         [[  -1,   -9,    4],
          [  15,   34,  -25],
          [   2,   17,  -46]],

         [[  10,   -2,  -12],
          [ -29,  -59,  -79],
          [ -18,  -27,   38]]],


        [[[   3,   -1,    2],
          [  10,  -22,  -89],
          [  21,   -3,  -13]],

         [[  -6,   19,  -13],
          [ -31,   14,    6],
          [ -53,   -4,   18]],

         [[  22,   31,  -23],
          [ -32,    3,   -5],
          [ -87,  -42,   27]],

         ...,

         [[  -4,  -16,   46],
          [ -17,    0,   18],
          [  -1,   21,  -47]],

         [[ -23,  -13,   25],
          [ -10,   40,  -56],
          [  28,  -56,  -44]],

         [[ -17,  -34,   41],
          [ -10,  -12,    8],
          [ -11,  -53,   23]]],


        ...,


        [[[ -56,  -10,  -56],
          [   6,  -24,  -13],
          [  38,  -23,  -26]],

         [[ -21,  -11,  -28],
          [   4,   -4,   57],
          [ -21,   27,   -1]],

         [[  17,  -39,    1],
          [ -32,   19,   16],
          [  40,  -10,   49]],

         ...,

         [[  48,   42,  -29],
          [   6,   27,   35],
          [  -5,  -30,  -40]],

         [[  -8,   -5,   -2],
          [ -44,  -32,   12],
          [  -8,  -33,   53]],

         [[ -50,  -18,   -9],
          [ -18,  -16, -110],
          [  29,   27,  -52]]],


        [[[ -58,   21,   20],
          [  -5,  -17,  -76],
          [ -10,  -32,    4]],

         [[   6,  -26,   38],
          [   9,   15,  -50],
          [  22,    7,  -30]],

         [[  -8,  -22,   37],
          [ -66,    4,   34],
          [ -69,   37,   19]],

         ...,

         [[ -17,  -44,  -31],
          [ -29,  -21,    7],
          [ -10,  -12, -127]],

         [[  32,   -8,   -3],
          [  -4,   40,   36],
          [ -52,  -68,   32]],

         [[  23,   -6,   31],
          [  35,    0,   -2],
          [  10,  -11,  -42]]],


        [[[ -47,    7,  -40],
          [ -23,  -20,  -23],
          [ -36,  -10,  -42]],

         [[ -22,  -21,   49],
          [ -46,  -10,   33],
          [  -4,  -28,   15]],

         [[ -22,   32,   13],
          [  -6,   22,  -37],
          [ -88,   -6,   55]],

         ...,

         [[  -1,  -60,   28],
          [  34,  -13,  -18],
          [   0,    3,   -9]],

         [[  53,  -34,  -28],
          [  29,   10,  -31],
          [ -45,  -32,  -15]],

         [[  26,  -20,  -22],
          [ -38,  -11,    5],
          [  17,  -13,    7]]]], dtype=torch.int8)

Layer: offset_out.2.conv.bias
Shape: torch.Size([8])
offset_out.2.conv.bias: torch.float32
Values:
Parameter containing:
tensor([0.8938, 1.0347, 0.7978, 1.1752, 0.4149, 0.6948, 0.8393, 0.4954],
       requires_grad=True)

Layer: offset_out.2.conv.scale
Shape: torch.Size([])
offset_out.2.conv.scale: torch.float32
Values:
0.03464416414499283

Layer: offset_out.2.conv.zero_point
Shape: torch.Size([])
offset_out.2.conv.zero_point: torch.int64
Values:
128

Layer: offset_out.3.weight
Shape: torch.Size([4, 8, 3, 3])
offset_out.3.weight: torch.qint8
Quantized values:
tensor([[[[ -21,   19,   19],
          [  11,    7,  -68],
          [ -44,   37,   20]],

         [[  23,    2,   26],
          [ -60,  -50,    2],
          [  13,   16,  -45]],

         [[   2,  -12,    9],
          [  24,  -17,  -23],
          [  10,   40,   42]],

         [[  -1,   26,   39],
          [   0,   35,  -58],
          [ -98,  -19,    1]],

         [[  38,  -10,  -20],
          [  19,  -25,  -50],
          [  -7,    8,   61]],

         [[ -38,    1,   72],
          [  14,   58,  -37],
          [ -42,   17,    2]],

         [[  48,  -23,  -39],
          [ -39,    8,   35],
          [  17,   -5,  -27]],

         [[  11,  -13,   67],
          [ -12,  -92,  -30],
          [  11,    2,   16]]],


        [[[  45,  -18,  -15],
          [ -12,   21,  -54],
          [   0,  -26,   -9]],

         [[ -26,  -26,   50],
          [ -29,   34,   32],
          [  38,   15,   -3]],

         [[ -35,    4,   56],
          [   8,   50,   -9],
          [  65,    6,   16]],

         [[   7,   10,  -45],
          [  26,  -26,  -40],
          [ -27,  -34,   24]],

         [[  -1,   -7,   13],
          [   0,   31, -128],
          [  15,   37,  -28]],

         [[   5,   -2,    6],
          [  -3,   15,   67],
          [   7,   -9,  -21]],

         [[   5,  -26,  -56],
          [  -6,  -47,   -6],
          [ -63,   -3,   -6]],

         [[  22,    3,  -29],
          [  44,  -36,   11],
          [ -25,   13,    6]]],


        [[[  12,  -41,   22],
          [ -12,   20,  -20],
          [ -25,   -5,   17]],

         [[ -28,  -30,  -21],
          [  50,  -15,  -53],
          [  21,   54,   -5]],

         [[  15,   -8,   30],
          [ -29,   10,   24],
          [   7,  -44,    3]],

         [[  27,  -16,  -18],
          [  43,   44,  -40],
          [   0,   23,   25]],

         [[   6,   22,   -6],
          [  11,  -88,  -17],
          [ -10,  -30,  -53]],

         [[  10,   28,    9],
          [ -28,  -16,   10],
          [  18,   13,  -55]],

         [[   3,   14,   18],
          [ -60,  -21,   16],
          [  -8,  -56,   -5]],

         [[   1,  -32,  -21],
          [  54,  -23,  -27],
          [  51,   43,  -19]]],


        [[[  34,  -15,   31],
          [ -80,  -19,  -19],
          [ -20,   -6,   71]],

         [[  37,  -18,  -59],
          [ -28,   -1,   36],
          [  -6,  -13,   37]],

         [[ -37,   -7,   -8],
          [  -8,  -55,   12],
          [  29,  109,   -8]],

         [[ -65,  -24,   -1],
          [  15,   17,   12],
          [  24,   44,  -41]],

         [[  42,   11,  -49],
          [ -18,  -20,  -22],
          [   4,   14,   11]],

         [[ -32,   -6,   43],
          [  -5,  -20,   30],
          [  28,   20,   68]],

         [[  44,   59,  -50],
          [ -94,  -35,    6],
          [ -24,   31,   10]],

         [[  39,  -10,  -19],
          [ -15,  -29,   34],
          [ -46,   77,  -37]]]], dtype=torch.int8)

Layer: offset_out.3.bias
Shape: torch.Size([4])
offset_out.3.bias: torch.float32
Values:
Parameter containing:
tensor([-0.0327,  0.1795,  0.1209, -0.1471], requires_grad=True)

Layer: offset_out.3.scale
Shape: torch.Size([])
offset_out.3.scale: torch.float32
Values:
0.03849076107144356

Layer: offset_out.3.zero_point
Shape: torch.Size([])
offset_out.3.zero_point: torch.int64
Values:
128

Layer: quant.scale
Shape: torch.Size([1])
quant.scale: torch.float32
Values:
tensor([0.0078])

Layer: quant.zero_point
Shape: torch.Size([1])
quant.zero_point: torch.int64
Values:
tensor([128])

